0 0.015625 0.92734375 0.03125 0.1453125
0 0.17421875 0.86796875 0.10078125 0.26328125
0 0.19296875 0.77265625 0.08359375 0.25703125
0 0.19296875 0.696875 0.0609375 0.17109375
0 0.16171875 0.66484375 0.0609375 0.14609375
0 0.10390625 0.64609375 0.06171875 0.1609375
0 0.025 0.63828125 0.05 0.14453125
1 0.8734375 0.86640625 0.11484375 0.2671875
1 0.6953125 0.74765625 0.0890625 0.225
1 0.5734375 0.66953125 0.06875 0.175
1 0.50703125 0.6421875 0.06640625 0.15703125
1 0.3765625 0.6171875 0.053125 0.14609375
1 0.28125 0.59609375 0.0484375 0.13125
1 0.19453125 0.59609375 0.04453125 0.1046875
1 0.09921875 0.59453125 0.0390625 0.10546875
1 0.01640625 0.6 0.0328125 0.11640625