0 0.05078125 0.77109375 0.0578125 0.20703125
0 0.13984375 0.8265625 0.06171875 0.23203125
0 0.16953125 0.90546875 0.06015625 0.1890625
1 0.0203125 0.6375 0.040625 0.1296875
1 0.11875 0.63515625 0.03671875 0.1265625
1 0.1671875 0.65078125 0.04921875 0.14375
1 0.240625 0.66640625 0.0421875 0.1375
1 0.31640625 0.703125 0.04140625 0.16015625
1 0.41171875 0.72734375 0.06015625 0.171875
1 0.540625 0.775 0.06015625 0.20234375
1 0.67109375 0.84296875 0.08828125 0.25859375
1 0.9109375 0.91640625 0.0859375 0.16640625