0 0.19765625 0.9390625 0.0625 0.121875
0 0.24609375 0.87109375 0.0578125 0.2578125
0 0.22890625 0.71328125 0.03125 0.11484375
0 0.25703125 0.69921875 0.0375 0.23125
0 0.27421875 0.625 0.040625 0.18828125
0 0.31015625 0.6 0.04921875 0.175
0 0.35078125 0.56953125 0.04765625 0.16171875
0 0.41875 0.55546875 0.03515625 0.1421875
0 0.48046875 0.53515625 0.0390625 0.15703125
0 0.56953125 0.54453125 0.06015625 0.15234375
1 0.9375 0.8390625 0.0921875 0.3109375
1 0.81484375 0.74140625 0.053125 0.2546875
1 0.8359375 0.60234375 0.03671875 0.1625
1 0.90390625 0.61015625 0.04375 0.16875