1 0.0453125 0.79921875 0.08984375 0.4015625
1 0.1546875 0.5453125 0.19921875 0.50234375
1 0.2015625 0.36796875 0.1140625 0.31796875
1 0.2890625 0.2953125 0.08671875 0.24375
1 0.3640625 0.23203125 0.08203125 0.22109375
1 0.44453125 0.2109375 0.06875 0.1953125
1 0.5265625 0.190625 0.0640625 0.18203125
1 0.634375 0.17421875 0.053125 0.17734375
0 0.87109375 0.328125 0.128125 0.34921875
0 0.7828125 0.2734375 0.08515625 0.2609375
0 0.83671875 0.23359375 0.071875 0.25234375
0 0.896875 0.19765625 0.0640625 0.240625
1 0.7796875 0.159375 0.059375 0.15546875