1 0.209375 0.68359375 0.11640625 0.24765625
1 0.30546875 0.60390625 0.075 0.203125
1 0.3578125 0.56484375 0.0609375 0.1640625
1 0.4 0.5328125 0.0421875 0.13984375
1 0.41796875 0.509375 0.040625 0.1203125
1 0.45546875 0.50390625 0.03515625 0.09921875
0 0.9671875 0.846875 0.065625 0.30625
0 0.7484375 0.6859375 0.1046875 0.28046875
0 0.6828125 0.6078125 0.06953125 0.1921875
0 0.6734375 0.5609375 0.0578125 0.16015625
1 0.484375 0.48671875 0.02734375 0.0921875
1 0.51171875 0.47734375 0.03203125 0.0921875
1 0.5421875 0.46953125 0.01953125 0.078125
1 0.578125 0.46875 0.028125 0.0765625