0 0.965625 0.765625 0.06796875 0.27265625
0 0.878125 0.68359375 0.0609375 0.19609375
0 0.81796875 0.6390625 0.0390625 0.12265625
0 0.76953125 0.60234375 0.0390625 0.103125
1 0.621875 0.57421875 0.03203125 0.06875
1 0.56796875 0.57578125 0.04296875 0.07578125
1 0.51484375 0.58671875 0.03671875 0.09765625
1 0.478125 0.59765625 0.03515625 0.08203125
1 0.43046875 0.6078125 0.0515625 0.1015625
1 0.37421875 0.61953125 0.0734375 0.13046875
1 0.30078125 0.6484375 0.0875 0.16328125
1 0.1875 0.696875 0.1203125 0.23046875
1 0.03125 0.7609375 0.0625 0.3125