1 0.4390625 0.68671875 0.05234375 0.18671875
1 0.3828125 0.73203125 0.0515625 0.21796875
1 0.25390625 0.828125 0.10390625 0.28515625
1 0.040625 0.91328125 0.08125 0.1734375
1 0.5015625 0.65625 0.046875 0.17265625
1 0.57578125 0.63671875 0.04375 0.1421875
1 0.628125 0.60078125 0.040625 0.1359375
1 0.69765625 0.59140625 0.04765625 0.121875
1 0.771875 0.57578125 0.03984375 0.1
1 0.85390625 0.5578125 0.03046875 0.0921875
1 0.96015625 0.55703125 0.03125 0.10859375
0 0.98203125 0.59921875 0.02421875 0.10546875
0 0.90546875 0.6140625 0.046875 0.1390625
0 0.8625 0.6375 0.03125 0.1296875
0 0.8640625 0.8296875 0.04296875 0.278125
0 0.7828125 0.8984375 0.06796875 0.203125
0 0.8296875 0.70625 0.02578125 0.18046875