1 0.05546875 0.73203125 0.1109375 0.4625
1 0.21640625 0.5421875 0.10625 0.30390625
1 0.30078125 0.49296875 0.08828125 0.2671875
1 0.378125 0.44921875 0.0703125 0.2109375
1 0.46328125 0.425 0.059375 0.18671875
1 0.51640625 0.41328125 0.0484375 0.146875
1 0.58359375 0.38125 0.05078125 0.159375
1 0.6484375 0.38046875 0.04921875 0.12578125
1 0.7375 0.378125 0.0453125 0.125
0 0.9359375 0.8328125 0.1140625 0.33125
0 0.8953125 0.66328125 0.12109375 0.33515625
0 0.7921875 0.54296875 0.0859375 0.25234375
0 0.76484375 0.48515625 0.07109375 0.1875
0 0.7890625 0.45234375 0.0484375 0.1578125
0 0.82265625 0.4265625 0.0484375 0.14921875
0 0.88671875 0.4078125 0.05078125 0.1484375