1 0.0828125 0.79375 0.16484375 0.4125
1 0.134375 0.6484375 0.1359375 0.35078125
1 0.16171875 0.5453125 0.10703125 0.2765625
1 0.17578125 0.46640625 0.08125 0.21796875
1 0.2359375 0.42109375 0.0671875 0.20703125
1 0.29609375 0.3828125 0.05625 0.16953125
1 0.359375 0.37265625 0.05546875 0.15234375
1 0.43046875 0.36015625 0.0546875 0.14453125
1 0.51875 0.346875 0.0484375 0.13359375
0 0.940625 0.63984375 0.11796875 0.39375
0 0.77578125 0.5453125 0.11171875 0.30234375
0 0.67890625 0.49375 0.0921875 0.240625
0 0.60703125 0.4546875 0.071875 0.20703125
0 0.58125 0.4109375 0.06171875 0.1828125
0 0.63046875 0.3953125 0.053125 0.1484375
0 0.6859375 0.3796875 0.05 0.1546875
0 0.78125 0.36953125 0.0546875 0.1625
0 0.896875 0.371875 0.05234375 0.14765625
1 0.6390625 0.3359375 0.04375 0.1453125
1 0.73984375 0.33828125 0.04921875 0.1359375
1 0.8546875 0.3265625 0.05234375 0.13671875