1 0.95 0.86640625 0.09921875 0.2671875
1 0.80390625 0.7640625 0.12109375 0.284375
1 0.65546875 0.68984375 0.09453125 0.2296875
1 0.53125 0.6359375 0.08515625 0.215625
1 0.44453125 0.60625 0.065625 0.18046875
1 0.31015625 0.565625 0.06171875 0.165625
1 0.21875 0.55625 0.0625 0.15625
1 0.1359375 0.54609375 0.05859375 0.15859375
1 0.05859375 0.515625 0.06015625 0.165625
0 0.209375 0.9078125 0.08125 0.184375
0 0.2265625 0.85390625 0.103125 0.2921875
0 0.23203125 0.76875 0.09765625 0.28359375
0 0.17421875 0.69765625 0.0859375 0.2390625
0 0.03828125 0.65078125 0.07578125 0.23359375