0 0.0984375 0.61015625 0.196875 0.32421875
0 0.24453125 0.48828125 0.1640625 0.2515625
0 0.378125 0.39296875 0.1078125 0.196875
0 0.38828125 0.340625 0.078125 0.1328125
0 0.35078125 0.31953125 0.06484375 0.1109375
0 0.37578125 0.2890625 0.0703125 0.10859375
0 0.45 0.259375 0.0609375 0.10859375
1 0.8140625 0.56640625 0.20546875 0.32578125
1 0.7328125 0.41015625 0.128125 0.2109375
1 0.6921875 0.340625 0.0953125 0.15546875
1 0.58671875 0.3 0.07890625 0.13046875
1 0.63359375 0.275 0.059375 0.1171875
1 0.66875 0.2640625 0.059375 0.10859375