0 0.5828125 0.63671875 0.05859375 0.13828125
0 0.66953125 0.62578125 0.04609375 0.134375
0 0.73828125 0.63828125 0.0453125 0.1234375
0 0.80625 0.6671875 0.046875 0.14375
0 0.8546875 0.684375 0.04609375 0.14609375
0 0.896875 0.7078125 0.0421875 0.159375
0 0.91953125 0.771875 0.08828125 0.1265625
0 0.9484375 0.89921875 0.05859375 0.2015625
0 0.99140625 0.9390625 0.01640625 0.121875
1 0.1484375 0.878125 0.10546875 0.24296875
1 0.2734375 0.84609375 0.0578125 0.26015625
1 0.3640625 0.80078125 0.04296875 0.23515625
1 0.45 0.771875 0.0296875 0.22734375
1 0.475 0.74609375 0.02734375 0.21875
1 0.41953125 0.7078125 0.04375 0.2109375
1 0.37734375 0.65078125 0.025 0.0921875
1 0.29921875 0.671875 0.03515625 0.171875
1 0.228125 0.6671875 0.03359375 0.1765625