1 0.20546875 0.70390625 0.11875 0.4296875
1 0.03515625 0.88984375 0.0703125 0.2203125
1 0.3765625 0.5859375 0.09921875 0.3328125
1 0.47265625 0.51796875 0.075 0.24296875
1 0.56015625 0.4609375 0.05546875 0.24921875
1 0.63515625 0.43984375 0.0375 0.20703125
1 0.59765625 0.403125 0.03359375 0.184375
1 0.54453125 0.365625 0.034375 0.16171875
0 0.659375 0.30625 0.03046875 0.1109375
0 0.7625 0.30703125 0.0484375 0.12734375
0 0.84765625 0.2921875 0.05234375 0.11640625
0 0.91484375 0.29375 0.05078125 0.15078125
0 0.5625 0.31640625 0.0296875 0.10859375
0 0.475 0.328125 0.0234375 0.1140625