0 0.15859375 0.89453125 0.0828125 0.2109375
0 0.1390625 0.8421875 0.11328125 0.2859375
0 0.10078125 0.759375 0.10546875 0.2640625
0 0.0421875 0.709375 0.07734375 0.215625
1 0.7953125 0.82265625 0.1328125 0.3125
1 0.6359375 0.7390625 0.09921875 0.2671875
1 0.49375 0.6640625 0.08359375 0.21171875
1 0.38125 0.628125 0.08046875 0.184375
1 0.30859375 0.6 0.06015625 0.17109375
1 0.2203125 0.58984375 0.05859375 0.159375
1 0.134375 0.56875 0.059375 0.14765625
1 0.0265625 0.56796875 0.05234375 0.15546875