1 0.11171875 0.875 0.0984375 0.24921875
1 0.2859375 0.7703125 0.11953125 0.30390625
1 0.40078125 0.68671875 0.0984375 0.2453125
1 0.47265625 0.63359375 0.07421875 0.22421875
1 0.5390625 0.59453125 0.06875 0.18125
1 0.59296875 0.5796875 0.0609375 0.15078125
1 0.65390625 0.56171875 0.05703125 0.1546875
1 0.721875 0.5453125 0.05546875 0.14609375
0 0.8953125 0.71796875 0.11875 0.33203125
0 0.85078125 0.6375 0.07890625 0.20703125
0 0.8640625 0.59609375 0.0578125 0.184375
0 0.88828125 0.571875 0.0515625 0.17265625
0 0.93046875 0.54921875 0.0640625 0.1796875