0 0.78828125 0.75390625 0.07265625 0.23359375
0 0.775 0.884375 0.128125 0.23125
0 0.88984375 0.95703125 0.071875 0.08515625
0 0.90390625 0.69453125 0.04140625 0.2078125
0 0.94375 0.5953125 0.0296875 0.16640625
0 0.9859375 0.56875 0.028125 0.159375
1 0.93359375 0.50234375 0.05078125 0.0921875
1 0.8546875 0.5171875 0.03515625 0.121875
1 0.78203125 0.53515625 0.04609375 0.13828125
1 0.73046875 0.5359375 0.0421875 0.1359375
1 0.65625 0.5578125 0.05 0.15625
1 0.5890625 0.5796875 0.04609375 0.16328125
1 0.53359375 0.596875 0.046875 0.20234375
1 0.43125 0.646875 0.08125 0.2140625
1 0.2890625 0.7265625 0.11796875 0.2765625
1 0.0578125 0.859375 0.115625 0.27890625