0 0.803125 0.8546875 0.1 0.290625
0 0.64296875 0.81953125 0.140625 0.3609375
0 0.5890625 0.71875 0.1078125 0.2578125
0 0.615625 0.67578125 0.0765625 0.20390625
0 0.5984375 0.63125 0.07421875 0.196875
0 0.665625 0.58984375 0.05234375 0.15625
0 0.7265625 0.58046875 0.0546875 0.1484375
0 0.78671875 0.56171875 0.05390625 0.1515625
0 0.87734375 0.553125 0.0609375 0.16015625
0 0.975 0.5359375 0.05 0.15859375
1 0.05703125 0.79453125 0.1140625 0.30859375
1 0.1328125 0.7265625 0.1 0.24140625
1 0.17265625 0.6796875 0.084375 0.2359375
1 0.29140625 0.61953125 0.0640625 0.171875
1 0.34140625 0.61328125 0.06953125 0.19453125
1 0.415625 0.58359375 0.053125 0.15234375
1 0.5 0.56328125 0.046875 0.1421875
1 0.59609375 0.54765625 0.046875 0.15078125
1 0.6734375 0.5375 0.04453125 0.13359375
1 0.75078125 0.53125 0.04375 0.13359375
1 0.85078125 0.53046875 0.04453125 0.128125
1 0.95078125 0.51484375 0.04609375 0.128125