0 0.15390625 0.61796875 0.20390625 0.31171875
0 0.34921875 0.47578125 0.14296875 0.22109375
0 0.3765625 0.39453125 0.09609375 0.15
0 0.33515625 0.35859375 0.071875 0.13359375
0 0.37421875 0.32109375 0.0703125 0.1203125
0 0.4546875 0.290625 0.0515625 0.10859375
1 0.68203125 0.28828125 0.0546875 0.10390625
1 0.659375 0.309375 0.08046875 0.1234375
1 0.60390625 0.33671875 0.0828125 0.13828125
1 0.73671875 0.3703125 0.10625 0.1765625
1 0.79609375 0.5015625 0.1546875 0.25703125
1 0.91328125 0.76484375 0.1734375 0.4703125