0 0.8828125 0.9203125 0.06796875 0.159375
0 0.78203125 0.8453125 0.0640625 0.27265625
0 0.8375 0.78671875 0.05 0.23828125
0 0.92421875 0.74765625 0.0578125 0.18984375
0 0.98359375 0.728125 0.03203125 0.1734375
1 0.87109375 0.6265625 0.053125 0.13203125
1 0.77578125 0.64140625 0.05625 0.12890625
1 0.67734375 0.6421875 0.04453125 0.1390625
1 0.55703125 0.65625 0.0515625 0.16875
1 0.4578125 0.6890625 0.071875 0.20078125
1 0.34609375 0.7359375 0.065625 0.24375
1 0.27734375 0.79609375 0.0703125 0.30859375