0 0.95859375 0.959375 0.05234375 0.08046875
0 0.975 0.76484375 0.03515625 0.2
0 0.925 0.8765625 0.05703125 0.246875
1 0.95625 0.6453125 0.04375 0.11796875
1 0.87578125 0.64453125 0.04609375 0.14453125
1 0.79921875 0.64140625 0.04609375 0.13359375
1 0.73046875 0.6421875 0.0484375 0.14921875
1 0.66953125 0.66328125 0.06015625 0.1546875
1 0.57265625 0.69296875 0.05 0.1953125
1 0.46953125 0.74375 0.08515625 0.21328125
1 0.3453125 0.82578125 0.09453125 0.2484375
1 0.1546875 0.87421875 0.0890625 0.2515625