1 0.9140625 0.61796875 0.04765625 0.08671875
1 0.97265625 0.63125 0.03984375 0.10859375
1 0.84609375 0.63359375 0.03671875 0.1265625
1 0.78359375 0.63828125 0.03671875 0.1234375
1 0.7125 0.64375 0.03359375 0.1390625
1 0.66328125 0.64296875 0.04609375 0.14140625
1 0.60546875 0.65234375 0.03984375 0.165625
1 0.5296875 0.7 0.053125 0.171875
1 0.475 0.73125 0.06875 0.234375
1 0.38359375 0.80234375 0.084375 0.2328125
1 0.20859375 0.86953125 0.09140625 0.2609375
1 0.02265625 0.9234375 0.0453125 0.153125
0 0.81640625 0.91328125 0.0734375 0.1734375
0 0.86015625 0.8484375 0.05625 0.265625
0 0.9046875 0.78984375 0.05078125 0.203125
0 0.94921875 0.74765625 0.03671875 0.17109375