0 0.80625 0.71328125 0.2375 0.57265625
0 0.553125 0.5796875 0.14296875 0.4015625
0 0.5265625 0.490625 0.1046875 0.31328125
0 0.58828125 0.43125 0.08984375 0.23828125
0 0.6265625 0.3859375 0.06796875 0.22734375
0 0.63359375 0.34609375 0.07109375 0.18828125
1 0.02421875 0.53125 0.0484375 0.21640625
1 0.10703125 0.4765625 0.103125 0.2296875
1 0.2046875 0.43671875 0.07734375 0.19140625
1 0.27109375 0.39453125 0.0640625 0.184375
1 0.32734375 0.38046875 0.0640625 0.18046875
1 0.3875 0.3578125 0.04140625 0.146875