0 0.17890625 0.88359375 0.0828125 0.2328125
0 0.25703125 0.8125 0.109375 0.27890625
0 0.2921875 0.73984375 0.06953125 0.20546875
0 0.2921875 0.71015625 0.06171875 0.1828125
0 0.265625 0.67890625 0.0546875 0.153125
0 0.23828125 0.6421875 0.05 0.13359375
0 0.1953125 0.61875 0.05234375 0.13671875
0 0.14296875 0.61171875 0.04140625 0.11875
0 0.0765625 0.6046875 0.0453125 0.12578125
1 0.96328125 0.90390625 0.0734375 0.1890625
1 0.81796875 0.8578125 0.1109375 0.284375
1 0.7375 0.7703125 0.075 0.20859375
1 0.6984375 0.7140625 0.06640625 0.18984375
1 0.65546875 0.69140625 0.0625 0.175
1 0.6109375 0.66171875 0.06015625 0.159375
1 0.5265625 0.64609375 0.0546875 0.14453125
1 0.471875 0.6296875 0.0453125 0.12421875
1 0.4125 0.62265625 0.0484375 0.128125
1 0.35234375 0.596875 0.0375 0.11015625
1 0.3046875 0.59765625 0.04140625 0.103125
1 0.265625 0.58203125 0.0328125 0.0953125
1 0.215625 0.578125 0.0328125 0.09140625
1 0.14140625 0.584375 0.03671875 0.1
1 0.05625 0.57265625 0.03125 0.0921875