1 0.040625 0.40859375 0.08046875 0.33359375
1 0.1328125 0.37421875 0.0796875 0.228125
1 0.2171875 0.3359375 0.0640625 0.1953125
1 0.290625 0.3171875 0.06953125 0.19609375
1 0.36640625 0.2953125 0.05390625 0.1734375
1 0.434375 0.28515625 0.046875 0.15234375
1 0.50078125 0.27890625 0.040625 0.1359375
1 0.54921875 0.2609375 0.0421875 0.14375
0 0.76640625 0.58828125 0.1890625 0.52109375
0 0.63046875 0.47265625 0.13984375 0.3609375
0 0.571875 0.39921875 0.09921875 0.26015625
0 0.6234375 0.35859375 0.0765625 0.23984375
0 0.69609375 0.321875 0.071875 0.20859375
0 0.746875 0.284375 0.0625 0.19453125