0 0.86484375 0.53671875 0.19296875 0.49375
0 0.65859375 0.42421875 0.13515625 0.36328125
0 0.53984375 0.384375 0.1 0.30546875
0 0.496875 0.3234375 0.071875 0.225
0 0.55 0.2984375 0.065625 0.21953125
0 0.60859375 0.27734375 0.05625 0.20546875
0 0.70859375 0.2625 0.065625 0.20078125
0 0.83046875 0.25390625 0.0625 0.17734375
0 0.959375 0.23984375 0.06875 0.16953125
1 0.025 0.3515625 0.04921875 0.25390625
1 0.103125 0.30390625 0.09609375 0.221875
1 0.19453125 0.26796875 0.0828125 0.20546875
1 0.2796875 0.24765625 0.071875 0.18515625
1 0.3984375 0.24453125 0.06484375 0.1703125
1 0.52265625 0.23203125 0.05625 0.16015625
1 0.63984375 0.2203125 0.05234375 0.15078125
1 0.7640625 0.21484375 0.0609375 0.14296875
1 0.921875 0.19921875 0.05625 0.13984375