1 0.03671875 0.47109375 0.07265625 0.2015625
1 0.12578125 0.3125 0.13046875 0.28046875
1 0.26484375 0.25 0.078125 0.21796875
1 0.37890625 0.20625 0.07265625 0.18203125
1 0.4578125 0.1734375 0.06796875 0.18515625
1 0.540625 0.1453125 0.05078125 0.15546875
1 0.60078125 0.13125 0.0453125 0.13359375
1 0.65546875 0.125 0.04296875 0.12578125
0 0.765625 0.50234375 0.228125 0.5625
0 0.65078125 0.3859375 0.1453125 0.3890625
0 0.64375 0.29609375 0.109375 0.28515625
0 0.6765625 0.2265625 0.08671875 0.240625
0 0.7015625 0.1828125 0.06953125 0.18203125
0 0.75546875 0.1609375 0.06328125 0.196875
0 0.8234375 0.13203125 0.06015625 0.159375
0 0.93203125 0.1171875 0.0578125 0.1703125