1 0.78046875 0.5359375 0.1609375 0.27109375
1 0.7125 0.42109375 0.103125 0.18046875
1 0.68125 0.35859375 0.07890625 0.1328125
1 0.58359375 0.34453125 0.0734375 0.11796875
1 0.62421875 0.31328125 0.0484375 0.09453125
0 0.08671875 0.78828125 0.1734375 0.4234375
0 0.1453125 0.59453125 0.17265625 0.26484375
0 0.28359375 0.48125 0.1390625 0.221875
0 0.3859375 0.4171875 0.10625 0.17265625
0 0.39609375 0.3671875 0.0765625 0.1328125
0 0.36171875 0.3421875 0.065625 0.1140625
0 0.38046875 0.31328125 0.05546875 0.1109375
0 0.45078125 0.30078125 0.0328125 0.1