1 0.0578125 0.45390625 0.115625 0.33515625
1 0.15390625 0.36640625 0.09921875 0.265625
1 0.25390625 0.325 0.0765625 0.20859375
1 0.31015625 0.29140625 0.06328125 0.17734375
1 0.37890625 0.25703125 0.05 0.14765625
1 0.4484375 0.23671875 0.05625 0.13984375
1 0.525 0.215625 0.04140625 0.1359375
1 0.61328125 0.20078125 0.03671875 0.1234375
0 0.915625 0.49921875 0.16875 0.4765625
0 0.6921875 0.371875 0.11328125 0.309375
0 0.63984375 0.31171875 0.09140625 0.24140625
0 0.61796875 0.28125 0.0703125 0.178125
0 0.6328125 0.2546875 0.06015625 0.16796875
0 0.68515625 0.2203125 0.05 0.13515625