0 0.88203125 0.45703125 0.06015625 0.2609375
0 0.9265625 0.51875 0.05703125 0.23046875
0 0.959375 0.66015625 0.0796875 0.3328125
0 0.9703125 0.40625 0.0390625 0.17734375
1 0.746875 0.38515625 0.07421875 0.11640625
1 0.6421875 0.4203125 0.0390625 0.16796875
1 0.5609375 0.4546875 0.04296875 0.1765625
1 0.51015625 0.4734375 0.03984375 0.18671875
1 0.3953125 0.58046875 0.059375 0.2578125
1 0.33828125 0.63046875 0.06171875 0.31015625
1 0.23828125 0.7453125 0.115625 0.41015625
1 0.0484375 0.8625 0.09609375 0.275