1 0.45703125 0.3 0.05234375 0.18671875
1 0.378125 0.3203125 0.06015625 0.20859375
1 0.3015625 0.36328125 0.0671875 0.240625
1 0.21953125 0.42578125 0.059375 0.29453125
1 0.1484375 0.53984375 0.06796875 0.44375
1 0.04375 0.71484375 0.0875 0.5703125
1 0.5328125 0.29140625 0.06796875 0.15546875
1 0.6390625 0.275 0.0453125 0.13671875
0 0.71015625 0.35859375 0.075 0.225
0 0.7625 0.4453125 0.05078125 0.28359375
0 0.871875 0.5078125 0.07421875 0.33359375
0 0.840625 0.334375 0.04609375 0.19921875
0 0.7796875 0.34140625 0.03828125 0.17734375