0 0.13515625 0.84375 0.08671875 0.28359375
0 0.0734375 0.7625 0.05625 0.2421875
0 0.025 0.909375 0.0484375 0.18046875
0 0.0140625 0.72421875 0.02734375 0.24453125
1 0.0765625 0.59609375 0.03828125 0.13515625
1 0.221875 0.60390625 0.0484375 0.12265625
1 0.3234375 0.61015625 0.06171875 0.1875
1 0.40859375 0.64140625 0.06640625 0.2171875
1 0.503125 0.67734375 0.07265625 0.2015625
1 0.61953125 0.76328125 0.1140625 0.28046875
1 0.73984375 0.85390625 0.1265625 0.29140625
1 0.96328125 0.93984375 0.0734375 0.1171875