1 0.8578125 0.6140625 0.19296875 0.34921875
1 0.76015625 0.4515625 0.13515625 0.209375
1 0.72578125 0.37421875 0.0953125 0.16640625
1 0.61796875 0.33828125 0.0859375 0.13828125
1 0.6625 0.315625 0.0578125 0.11171875
1 0.69375 0.29765625 0.06484375 0.10234375
0 0.10625 0.66796875 0.2125 0.32578125
0 0.253125 0.52578125 0.1859375 0.25859375
0 0.38984375 0.434375 0.1109375 0.16484375
0 0.41015625 0.37734375 0.0734375 0.14609375
0 0.3921875 0.34140625 0.0546875 0.0984375
0 0.41171875 0.3203125 0.059375 0.0984375