1 0.7484375 0.8671875 0.09296875 0.265625
1 0.96875 0.93203125 0.05625 0.1359375
1 0.58828125 0.78828125 0.0953125 0.20546875
1 0.48046875 0.74140625 0.06796875 0.190625
1 0.40625 0.7046875 0.06015625 0.1765625
1 0.33125 0.68046875 0.0359375 0.16171875
1 0.28671875 0.6625 0.046875 0.14921875
1 0.19765625 0.64921875 0.05 0.1171875
1 0.13203125 0.63359375 0.0375 0.1140625
1 0.04140625 0.62265625 0.0375 0.11015625
0 0.04453125 0.7296875 0.04375 0.1625
0 0.09375 0.78359375 0.046875 0.2
0 0.1421875 0.83515625 0.05390625 0.23828125
0 0.20625 0.89921875 0.07109375 0.2015625