1 0.0671875 0.4828125 0.134375 0.35703125
1 0.234375 0.3625 0.10859375 0.28671875
1 0.32109375 0.27578125 0.07734375 0.21796875
1 0.3703125 0.25078125 0.06953125 0.2140625
1 0.42734375 0.228125 0.05859375 0.1765625
1 0.490625 0.19609375 0.0515625 0.1453125
1 0.53671875 0.1765625 0.0453125 0.1375
1 0.59375 0.1578125 0.04375 0.13984375
1 0.65859375 0.140625 0.040625 0.1296875
1 0.73125 0.1265625 0.034375 0.12578125
0 0.8390625 0.45625 0.184375 0.4796875
0 0.703125 0.3328125 0.1203125 0.31640625
0 0.76171875 0.25 0.09453125 0.25078125
0 0.71796875 0.196875 0.0578125 0.159375
0 0.72421875 0.16640625 0.03359375 0.12890625
0 0.7421875 0.14609375 0.040625 0.14765625
0 0.78203125 0.1421875 0.0375 0.11796875