0 0.17109375 0.58125 0.20703125 0.3078125
0 0.23046875 0.45546875 0.1609375 0.25703125
0 0.3375 0.38125 0.115625 0.19609375
0 0.43828125 0.32734375 0.0859375 0.13359375
0 0.43671875 0.30390625 0.05390625 0.1234375
0 0.4015625 0.28515625 0.05546875 0.115625
0 0.49765625 0.25234375 0.05390625 0.09375
1 0.76328125 0.43125 0.14453125 0.240625
1 0.7234375 0.3484375 0.0953125 0.17890625
1 0.7046875 0.30546875 0.06796875 0.128125
1 0.61015625 0.2734375 0.0765625 0.12578125
1 0.65234375 0.24765625 0.04296875 0.11640625
1 0.6828125 0.24921875 0.06875 0.09140625