0 0.1625 0.7171875 0.221875 0.353125
0 0.0546875 0.3609375 0.109375 0.21484375
1 0.15859375 0.39375 0.10546875 0.1859375
1 0.87734375 0.68359375 0.23984375 0.38046875
1 0.78359375 0.52421875 0.16796875 0.2453125
1 0.76875 0.4203125 0.10859375 0.171875
1 0.66328125 0.3671875 0.08203125 0.1359375
1 0.6578125 0.33046875 0.059375 0.10390625
0 0.2609375 0.49765625 0.14453125 0.22578125
0 0.34609375 0.41953125 0.1015625 0.15703125
0 0.34296875 0.37890625 0.0671875 0.1109375
0 0.40546875 0.359375 0.0703125 0.12109375
0 0.45546875 0.33515625 0.04765625 0.1