1 0.01796875 0.58828125 0.03515625 0.10625
1 0.06796875 0.59375 0.04921875 0.1171875
1 0.15 0.61171875 0.03125 0.125
1 0.221875 0.62578125 0.040625 0.13046875
1 0.31640625 0.63828125 0.0453125 0.14609375
1 0.428125 0.6796875 0.04765625 0.14921875
1 0.5375 0.7171875 0.0640625 0.18828125
1 0.69453125 0.79765625 0.075 0.234375
1 0.9625 0.90390625 0.07421875 0.19140625
0 0.01484375 0.68515625 0.0296875 0.16796875
0 0.12109375 0.7234375 0.05234375 0.18671875
0 0.18203125 0.77890625 0.0734375 0.21953125
0 0.19921875 0.87578125 0.065625 0.22734375
0 0.10859375 0.925 0.06171875 0.15