1 0.0203125 0.85859375 0.040625 0.2796875
1 0.1296875 0.81640625 0.084375 0.3265625
1 0.25390625 0.7484375 0.06328125 0.2328125
1 0.35 0.68515625 0.05859375 0.19296875
1 0.41953125 0.6453125 0.04453125 0.1875
1 0.47578125 0.62578125 0.03671875 0.14453125
1 0.5390625 0.603125 0.03203125 0.14609375
1 0.57734375 0.5859375 0.03125 0.12890625
0 0.9109375 0.9453125 0.059375 0.109375
0 0.79375 0.89140625 0.0671875 0.2171875
0 0.76015625 0.76875 0.0453125 0.23046875
0 0.7984375 0.7171875 0.034375 0.18828125
0 0.828125 0.60546875 0.03984375 0.10390625
0 0.8640625 0.5890625 0.025 0.1078125
1 0.6390625 0.55625 0.040625 0.125
1 0.61015625 0.56875 0.03515625 0.1453125