0 0.69375 0.62265625 0.02734375 0.11015625
0 0.65859375 0.62890625 0.025 0.1359375
0 0.64140625 0.65390625 0.0125 0.1265625
0 0.62265625 0.73828125 0.03671875 0.1796875
0 0.675 0.81171875 0.06484375 0.24765625
0 0.79765625 0.89453125 0.0921875 0.21015625
1 0.1359375 0.84921875 0.08046875 0.2984375
1 0.2125 0.728125 0.0625 0.24765625
1 0.29765625 0.69609375 0.0328125 0.16796875
1 0.34765625 0.66484375 0.04765625 0.1671875
1 0.39375 0.63828125 0.03359375 0.1234375
1 0.4390625 0.62265625 0.0421875 0.11015625
1 0.49453125 0.60703125 0.0375 0.14296875
1 0.53515625 0.61171875 0.0328125 0.08828125