0 0.815625 0.39375 0.15546875 0.40546875
0 0.7015625 0.31015625 0.0953125 0.2765625
0 0.68671875 0.25625 0.0734375 0.2296875
0 0.65078125 0.221875 0.06796875 0.1828125
0 0.71171875 0.1890625 0.0546875 0.16328125
0 0.77109375 0.17890625 0.05625 0.16171875
1 0.0625 0.53125 0.125 0.4484375
1 0.14140625 0.41640625 0.109375 0.32421875
1 0.20546875 0.346875 0.08671875 0.2640625
1 0.23515625 0.303125 0.0875 0.23984375
1 0.33046875 0.25 0.0640625 0.18125
1 0.37265625 0.22734375 0.06328125 0.16875
1 0.45 0.20703125 0.05 0.1515625
1 0.5265625 0.18359375 0.05078125 0.1515625
1 0.61875 0.16328125 0.046875 0.13515625