1 0.0609375 0.80859375 0.11484375 0.32578125
1 0.19453125 0.72734375 0.0921875 0.246875
1 0.26640625 0.67578125 0.0703125 0.215625
1 0.3109375 0.63671875 0.06875 0.1890625
1 0.33671875 0.60078125 0.0609375 0.196875
1 0.4625 0.57109375 0.0375 0.13671875
1 0.42265625 0.5875 0.05234375 0.15078125
1 0.52265625 0.55546875 0.04296875 0.12265625
1 0.59296875 0.53984375 0.0421875 0.11953125
1 0.68046875 0.52734375 0.0421875 0.11328125
1 0.75703125 0.525 0.04296875 0.11328125
1 0.83125 0.525 0.03984375 0.11328125
1 0.9171875 0.50859375 0.0375 0.10859375
0 0.896875 0.85 0.109375 0.3
0 0.72734375 0.75859375 0.11796875 0.31015625
0 0.65625 0.69375 0.0828125 0.22109375
0 0.640625 0.6546875 0.0734375 0.19765625
0 0.66796875 0.6078125 0.04453125 0.14765625
0 0.6734375 0.559375 0.0453125 0.13046875
0 0.73046875 0.56015625 0.0484375 0.1390625
0 0.7953125 0.5515625 0.046875 0.134375
0 0.85390625 0.53359375 0.04921875 0.11875
0 0.93125 0.5328125 0.0515625 0.1328125