1 0.8734375 0.928125 0.0515625 0.14296875
1 0.75234375 0.87109375 0.0859375 0.2578125
1 0.65859375 0.7921875 0.06328125 0.20859375
1 0.60234375 0.75703125 0.053125 0.2265625
1 0.51171875 0.70234375 0.046875 0.17734375
1 0.45859375 0.67890625 0.04921875 0.13515625
1 0.378125 0.65546875 0.04375 0.13828125
1 0.3109375 0.62734375 0.04296875 0.109375
1 0.23984375 0.61484375 0.0359375 0.1
1 0.171875 0.60625 0.03984375 0.08125
1 0.103125 0.5953125 0.028125 0.10234375
1 0.03828125 0.59140625 0.02578125 0.103125
0 0.0125 0.6359375 0.025 0.109375
0 0.07890625 0.64140625 0.03515625 0.11015625
0 0.12109375 0.66015625 0.028125 0.10625
0 0.1765625 0.671875 0.0453125 0.11171875
0 0.21796875 0.7125 0.0359375 0.13203125
0 0.1734375 0.765625 0.046875 0.16484375
0 0.2203125 0.84140625 0.04140625 0.22421875
0 0.19765625 0.9140625 0.0515625 0.171875
0 0.1265625 0.96875 0.0515625 0.0625