1 0.35859375 0.5796875 0.05234375 0.153125
1 0.4578125 0.58828125 0.0484375 0.16171875
1 0.55390625 0.6140625 0.0578125 0.1765625
1 0.6453125 0.665625 0.065625 0.21015625
1 0.75078125 0.7265625 0.065625 0.22109375
1 0.85703125 0.81171875 0.08828125 0.303125
1 0.28671875 0.56640625 0.0359375 0.14609375
1 0.1578125 0.5515625 0.034375 0.1203125
1 0.06015625 0.54765625 0.0390625 0.1359375
0 0.11171875 0.625 0.04453125 0.16171875
0 0.190625 0.65703125 0.04375 0.1828125
0 0.228125 0.68984375 0.05703125 0.20234375
0 0.28515625 0.73515625 0.021875 0.2234375
0 0.275 0.8578125 0.06640625 0.284375
0 0.16328125 0.9015625 0.12421875 0.19609375