0 0.09765625 0.92578125 0.06328125 0.1484375
0 0.253125 0.83125 0.12109375 0.29296875
0 0.3234375 0.7171875 0.0765625 0.21328125
0 0.37421875 0.659375 0.06953125 0.19140625
0 0.38515625 0.60546875 0.05703125 0.16953125
1 0.96171875 0.89609375 0.0765625 0.2078125
1 0.8171875 0.7953125 0.10546875 0.2734375
1 0.73046875 0.68671875 0.075 0.2078125
1 0.68828125 0.64296875 0.06328125 0.1703125
1 0.6515625 0.58828125 0.04609375 0.13125
1 0.62265625 0.57265625 0.04140625 0.12109375
1 0.57734375 0.55078125 0.03828125 0.1046875
1 0.5234375 0.53515625 0.03203125 0.08984375
1 0.48984375 0.534375 0.0359375 0.0953125