0 0.0359375 0.71640625 0.04296875 0.15390625
0 0.109375 0.72265625 0.03984375 0.16640625
0 0.16796875 0.7390625 0.0390625 0.14453125
0 0.28671875 0.88671875 0.05 0.2125
0 0.2421875 0.92578125 0.06953125 0.14765625
0 0.24609375 0.8046875 0.0375 0.21015625
1 0.20078125 0.6578125 0.03359375 0.1296875
1 0.08125 0.65546875 0.03359375 0.13828125
1 0.28203125 0.66015625 0.04765625 0.12890625
1 0.3546875 0.66875 0.04453125 0.1515625
1 0.42890625 0.68828125 0.04921875 0.1390625
1 0.503125 0.721875 0.0515625 0.16015625
1 0.5859375 0.7484375 0.0609375 0.17734375
1 0.6921875 0.809375 0.07421875 0.21953125
1 0.83515625 0.89375 0.0890625 0.2125