1 0.05546875 0.7984375 0.11015625 0.40234375
1 0.1421875 0.50546875 0.1453125 0.390625
1 0.22890625 0.40625 0.1109375 0.284375
1 0.30625 0.32109375 0.07265625 0.2171875
1 0.36953125 0.284375 0.07265625 0.19140625
1 0.42578125 0.26640625 0.06171875 0.18984375
1 0.4890625 0.234375 0.06171875 0.178125
1 0.5484375 0.20625 0.0578125 0.13828125
1 0.6046875 0.184375 0.0453125 0.12578125
1 0.6578125 0.16640625 0.0421875 0.12265625
0 0.9 0.4375 0.175 0.4703125
0 0.8140625 0.32421875 0.1140625 0.315625
0 0.78125 0.28046875 0.0984375 0.259375
0 0.79140625 0.21953125 0.06015625 0.175