0 0.11640625 0.92265625 0.05546875 0.1546875
0 0.190625 0.84609375 0.12421875 0.29140625
0 0.17734375 0.74453125 0.0921875 0.23046875
1 0.78125 0.84765625 0.12109375 0.30390625
1 0.671875 0.7421875 0.0875 0.24921875
1 0.56640625 0.68984375 0.071875 0.19140625
1 0.49609375 0.64140625 0.059375 0.1671875
1 0.44296875 0.60234375 0.053125 0.13984375
1 0.4015625 0.575 0.0453125 0.12890625
1 0.36796875 0.55 0.0375 0.10859375
1 0.33984375 0.540625 0.03671875 0.0921875
1 0.2921875 0.534375 0.0296875 0.08359375