1 0.7390625 0.71796875 0.0203125 0.171875
1 0.71875 0.73515625 0.0375 0.196875
1 0.69921875 0.69296875 0.03984375 0.15859375
1 0.66171875 0.6796875 0.02109375 0.15546875
1 0.6484375 0.76171875 0.0484375 0.165625
1 0.58203125 0.7796875 0.0515625 0.196875
1 0.50390625 0.81640625 0.0703125 0.21953125
1 0.3828125 0.84765625 0.0734375 0.23125
1 0.25390625 0.878125 0.084375 0.24296875
1 0.121875 0.89453125 0.08203125 0.21015625
0 0.77578125 0.625 0.0515625 0.09140625
0 0.8875 0.6359375 0.04375 0.11796875
0 0.94765625 0.66484375 0.03984375 0.12578125