0 0.9125 0.9265625 0.046875 0.146875
0 0.83828125 0.8640625 0.0671875 0.271875
0 0.76328125 0.80625 0.0546875 0.28359375
0 0.68515625 0.7546875 0.0578125 0.1984375
0 0.61953125 0.7296875 0.0453125 0.2
0 0.525 0.71796875 0.05234375 0.17578125
0 0.4484375 0.715625 0.06640625 0.16640625
0 0.3421875 0.72421875 0.06953125 0.16015625
0 0.19296875 0.73828125 0.07109375 0.15703125
0 0.0546875 0.76875 0.034375 0.14765625
1 0.02578125 0.9109375 0.05078125 0.178125
1 0.10078125 0.89453125 0.05390625 0.21015625
1 0.1484375 0.94921875 0.05546875 0.1015625
1 0.18828125 0.91640625 0.0375 0.16640625