0 0.915625 0.90859375 0.078125 0.18203125
0 0.57578125 0.82109375 0.1453125 0.3578125
0 0.49140625 0.69296875 0.0921875 0.27109375
0 0.49296875 0.64296875 0.075 0.23046875
0 0.50625 0.5984375 0.0609375 0.1921875
0 0.53984375 0.5609375 0.06328125 0.18125
0 0.61953125 0.546875 0.0609375 0.140625
0 0.6859375 0.53515625 0.040625 0.1328125
0 0.74140625 0.5234375 0.0453125 0.13671875
1 0.075 0.67421875 0.08984375 0.20625
1 0.15703125 0.62578125 0.08203125 0.19140625
1 0.23671875 0.6015625 0.0625 0.1703125
1 0.31015625 0.575 0.05703125 0.15390625
1 0.40234375 0.55234375 0.0546875 0.14765625