1 0.7703125 0.88203125 0.08203125 0.2359375
1 0.68203125 0.8234375 0.06171875 0.23828125
1 0.57890625 0.75 0.06640625 0.17890625
1 0.4890625 0.71484375 0.040625 0.1375
1 0.41953125 0.6859375 0.0390625 0.125
1 0.34921875 0.665625 0.03359375 0.1171875
1 0.28125 0.6515625 0.0375 0.1125
1 0.2171875 0.63828125 0.03203125 0.09921875
1 0.02578125 0.6375 0.0265625 0.10703125
0 0.06484375 0.69296875 0.03515625 0.13984375
0 0.140625 0.696875 0.02890625 0.1328125
0 0.19296875 0.72578125 0.03125 0.14921875
0 0.221875 0.75390625 0.040625 0.16953125
0 0.259375 0.79453125 0.03359375 0.1625
0 0.27421875 0.8828125 0.0671875 0.2234375
0 0.11328125 0.92265625 0.065625 0.1546875