0 0.9203125 0.51640625 0.159375 0.46796875
0 0.809375 0.40625 0.125 0.31953125
0 0.7984375 0.315625 0.10078125 0.23359375
0 0.9046875 0.271875 0.07421875 0.18515625
0 0.903125 0.23515625 0.053125 0.153125
0 0.934375 0.20859375 0.0421875 0.15
0 0.9671875 0.1890625 0.040625 0.159375
1 0.15078125 0.490625 0.140625 0.32890625
1 0.33359375 0.36875 0.09453125 0.2484375
1 0.45703125 0.31171875 0.07109375 0.2
1 0.546875 0.2734375 0.06015625 0.16875
1 0.5921875 0.24921875 0.05703125 0.1640625
1 0.65 0.2328125 0.0515625 0.15234375
1 0.71953125 0.21796875 0.0453125 0.13046875
1 0.7703125 0.2 0.0421875 0.11796875
1 0.8375 0.18359375 0.05234375 0.12265625
1 0.9140625 0.18046875 0.04453125 0.12578125