1 0.071875 0.57421875 0.14375 0.4359375
1 0.16484375 0.475 0.13203125 0.3234375
1 0.23828125 0.41796875 0.0984375 0.29296875
1 0.3109375 0.3828125 0.07734375 0.24140625
1 0.23984375 0.3609375 0.08203125 0.18359375
1 0.17890625 0.36328125 0.078125 0.18359375
1 0.08359375 0.3640625 0.0734375 0.1890625
0 0.94375 0.4796875 0.1125 0.384375
0 0.859375 0.421875 0.11796875 0.32265625
0 0.7765625 0.359375 0.0890625 0.25859375
0 0.7359375 0.31953125 0.0703125 0.21171875
0 0.69140625 0.2875 0.05859375 0.18359375
0 0.6375 0.28125 0.05859375 0.15
0 0.5890625 0.284375 0.053125 0.1375
0 0.5109375 0.28515625 0.05078125 0.12890625
0 0.44609375 0.28828125 0.05 0.1265625
0 0.37265625 0.2875 0.0546875 0.1390625
0 0.253125 0.29375 0.04375 0.11875