1 0.52109375 0.61796875 0.05 0.16484375
1 0.43828125 0.6421875 0.04921875 0.171875
1 0.3546875 0.67890625 0.0453125 0.18046875
1 0.30390625 0.7078125 0.04921875 0.18828125
1 0.16640625 0.79453125 0.0640625 0.259375
1 0.075 0.8609375 0.07890625 0.278125
1 0.0125 0.91171875 0.025 0.1765625
1 0.62421875 0.60078125 0.040625 0.1359375
0 0.7296875 0.7046875 0.04921875 0.1625
0 0.79921875 0.6921875 0.04609375 0.16484375
0 0.8515625 0.659375 0.053125 0.1515625
0 0.6640625 0.7234375 0.05234375 0.190625
0 0.6859375 0.81640625 0.06171875 0.2296875
0 0.71328125 0.8953125 0.0609375 0.209375
0 0.84140625 0.96640625 0.06484375 0.06640625