1 0.853125 0.8859375 0.078125 0.228125
1 0.7453125 0.79453125 0.0859375 0.23515625
1 0.65078125 0.70625 0.06171875 0.1703125
1 0.5578125 0.6734375 0.053125 0.14765625
1 0.49921875 0.646875 0.053125 0.15
1 0.3890625 0.63046875 0.04609375 0.11328125
1 0.30546875 0.6203125 0.040625 0.11328125
1 0.2328125 0.6109375 0.0359375 0.10703125
0 0.18125 0.86875 0.103125 0.2625
0 0.25234375 0.80234375 0.09375 0.2265625
0 0.25390625 0.73203125 0.06171875 0.16640625
0 0.23984375 0.6859375 0.05234375 0.14140625
0 0.21953125 0.66328125 0.046875 0.14296875
1 0.1375 0.59921875 0.03359375 0.0921875
1 0.06171875 0.6015625 0.040625 0.0984375
0 0.16171875 0.64609375 0.0484375 0.13203125
0 0.084375 0.64140625 0.0484375 0.1265625