1 0.9296875 0.96015625 0.04921875 0.07890625
1 0.796875 0.89609375 0.078125 0.2078125
1 0.7 0.8625 0.09296875 0.259375
1 0.615625 0.7984375 0.0875 0.24375
1 0.5046875 0.74140625 0.0703125 0.19296875
1 0.39765625 0.7 0.065625 0.1734375
1 0.31953125 0.67578125 0.0515625 0.14921875
1 0.22890625 0.65546875 0.046875 0.12734375
1 0.15859375 0.64609375 0.03671875 0.1328125
1 0.08515625 0.62109375 0.0375 0.09921875
1 0.03515625 0.60625 0.0359375 0.11328125
0 0.1640625 0.90546875 0.07265625 0.1890625
0 0.15 0.87578125 0.10703125 0.2484375
0 0.12109375 0.81015625 0.10234375 0.2359375
0 0.0421875 0.7515625 0.084375 0.19765625