1 0.059375 0.7671875 0.11875 0.465625
1 0.28828125 0.465625 0.109375 0.38828125
1 0.36484375 0.38828125 0.0625 0.30859375
1 0.44609375 0.30078125 0.05546875 0.23984375
1 0.51875 0.25078125 0.0625 0.22265625
1 0.56796875 0.20546875 0.04140625 0.16484375
1 0.63203125 0.17734375 0.046875 0.14609375
1 0.7046875 0.15390625 0.03671875 0.140625
1 0.7890625 0.13125 0.0453125 0.11328125
0 0.97734375 0.359375 0.0453125 0.30078125
0 0.92890625 0.2625 0.03671875 0.2234375
0 0.9046875 0.21640625 0.05078125 0.18671875