1 0.92421875 0.9125 0.0734375 0.175
1 0.76328125 0.79375 0.0890625 0.265625
1 0.7046875 0.703125 0.0640625 0.203125
1 0.653125 0.6296875 0.04921875 0.153125
1 0.62109375 0.60234375 0.04921875 0.13671875
1 0.5734375 0.57734375 0.03515625 0.10546875
1 0.5140625 0.5578125 0.0359375 0.09921875
1 0.4796875 0.54375 0.03125 0.0984375
0 0.03828125 0.91484375 0.0765625 0.1703125
0 0.2046875 0.8328125 0.1234375 0.29609375
0 0.290625 0.73125 0.0796875 0.21953125
0 0.33125 0.66171875 0.06875 0.171875
0 0.34609375 0.6078125 0.0375 0.12734375
0 0.365625 0.5828125 0.040625 0.12890625