1 0.20234375 0.53203125 0.12265625 0.33203125
1 0.31171875 0.434375 0.08359375 0.25703125
1 0.39140625 0.38359375 0.065625 0.23828125
1 0.4578125 0.35625 0.05078125 0.19296875
1 0.52109375 0.3375 0.04375 0.15546875
1 0.5875 0.3234375 0.05625 0.1875
1 0.66875 0.2953125 0.04765625 0.11328125
1 0.72890625 0.28203125 0.03515625 0.11875
1 0.76796875 0.26171875 0.04765625 0.11875
0 0.953125 0.56015625 0.09375 0.4125
0 0.83125 0.4234375 0.0671875 0.2390625
0 0.7953125 0.35078125 0.04375 0.2328125
0 0.8296875 0.30390625 0.02890625 0.14453125
0 0.915625 0.28671875 0.0359375 0.1421875