0 0.83203125 0.3984375 0.20390625 0.53203125
0 0.63671875 0.2703125 0.14609375 0.3875
0 0.67265625 0.21640625 0.11484375 0.31484375
0 0.72109375 0.1625 0.090625 0.2609375
0 0.82578125 0.1171875 0.08125 0.234375
0 0.96328125 0.10703125 0.0734375 0.21328125
1 0.02734375 0.340625 0.0546875 0.20859375
1 0.11328125 0.240625 0.103125 0.26953125
1 0.23203125 0.19375 0.08125 0.2359375
1 0.3765625 0.15859375 0.08125 0.2140625
1 0.53984375 0.10625 0.07734375 0.18828125
1 0.6671875 0.0921875 0.071875 0.184375
1 0.7953125 0.06796875 0.06875 0.1359375