1 0.83671875 0.6125 0.234375 0.3671875
1 0.74453125 0.43125 0.1328125 0.21484375
1 0.7125 0.3546875 0.096875 0.14609375
1 0.6 0.31796875 0.07734375 0.125
1 0.64453125 0.28984375 0.04921875 0.11015625
1 0.66796875 0.26875 0.05234375 0.11796875
0 0.21953125 0.50390625 0.1671875 0.2703125
0 0.35546875 0.41328125 0.12421875 0.1953125
0 0.38046875 0.35625 0.0828125 0.15703125
0 0.3453125 0.31328125 0.06796875 0.1265625
0 0.37265625 0.284375 0.05390625 0.109375
0 0.45390625 0.2671875 0.0609375 0.10703125