1 0.1296875 0.78671875 0.14453125 0.40546875
1 0.28984375 0.61328125 0.0875 0.3
1 0.37265625 0.54453125 0.06953125 0.24921875
1 0.425 0.49921875 0.03984375 0.21015625
1 0.45703125 0.44765625 0.0484375 0.2046875
1 0.5296875 0.3984375 0.04375 0.175
1 0.571875 0.371875 0.04140625 0.14140625
1 0.6421875 0.34296875 0.046875 0.12578125
0 0.85625 0.52890625 0.071875 0.2796875
0 0.97578125 0.646875 0.04765625 0.403125
0 0.81171875 0.440625 0.06171875 0.24609375
0 0.884375 0.3359375 0.0421875 0.16171875
0 0.95546875 0.303125 0.0359375 0.146875