0 0.18203125 0.8734375 0.0875 0.253125
0 0.21796875 0.79375 0.1125 0.3046875
0 0.175 0.7140625 0.096875 0.2796875
0 0.14453125 0.66484375 0.0859375 0.21796875
0 0.05859375 0.61875 0.07734375 0.21171875
1 0.87578125 0.86015625 0.11875 0.2796875
1 0.76328125 0.76171875 0.1015625 0.2859375
1 0.64921875 0.678125 0.08125 0.2328125
1 0.54921875 0.61640625 0.0796875 0.20078125
1 0.4453125 0.58984375 0.0703125 0.17890625
1 0.3359375 0.5625 0.06015625 0.16015625
1 0.25703125 0.54921875 0.05234375 0.16953125
1 0.12109375 0.54375 0.05703125 0.15
1 0.02578125 0.52265625 0.0515625 0.1515625