1 0.07265625 0.571875 0.1453125 0.38125
1 0.2640625 0.3828125 0.09921875 0.2578125
1 0.38671875 0.3546875 0.0828125 0.21953125
1 0.5234375 0.3046875 0.06171875 0.1796875
1 0.65546875 0.2796875 0.06015625 0.165625
1 0.75546875 0.24921875 0.05234375 0.140625
1 0.878125 0.23359375 0.0390625 0.11796875
1 0.94453125 0.215625 0.0453125 0.11640625
0 0.86640625 0.45546875 0.12890625 0.31953125
0 0.87265625 0.38671875 0.103125 0.2671875
0 0.9234375 0.3140625 0.06484375 0.1984375
0 0.96171875 0.29140625 0.0703125 0.20078125
0 0.9640625 0.76796875 0.071875 0.36875