0 0.73125 0.596875 0.03125 0.1140625
0 0.678125 0.640625 0.021875 0.12734375
0 0.70703125 0.8203125 0.05234375 0.2828125
0 0.81640625 0.90234375 0.0578125 0.1953125
0 0.65625 0.7328125 0.0296875 0.22421875
1 0.61796875 0.5515625 0.03828125 0.11640625
1 0.5484375 0.56484375 0.03203125 0.11953125
1 0.48671875 0.58203125 0.025 0.1296875
1 0.45234375 0.5921875 0.03046875 0.1421875
1 0.37578125 0.61640625 0.0375 0.14921875
1 0.33984375 0.6484375 0.0296875 0.19375
1 0.29453125 0.6765625 0.03828125 0.1953125
1 0.2484375 0.73515625 0.0359375 0.2046875
1 0.14609375 0.79765625 0.071875 0.2609375
1 0.0296875 0.87421875 0.059375 0.2515625