1 0.075 0.7828125 0.15 0.434375
1 0.18671875 0.66484375 0.14921875 0.3453125
1 0.2953125 0.55078125 0.1171875 0.275
1 0.4171875 0.50859375 0.0796875 0.25078125
1 0.4671875 0.4578125 0.06796875 0.20078125
1 0.54609375 0.42734375 0.06171875 0.1734375
1 0.6171875 0.41171875 0.05 0.14296875
1 0.703125 0.39765625 0.05703125 0.14296875
1 0.80390625 0.38125 0.046875 0.13125
0 0.8859375 0.65625 0.12421875 0.359375
0 0.8265625 0.5625 0.09765625 0.2671875
0 0.815625 0.51953125 0.084375 0.22265625
0 0.8265625 0.46171875 0.075 0.19609375
0 0.89296875 0.4234375 0.0625 0.17109375
0 0.96953125 0.41484375 0.0609375 0.1484375