0 0.91015625 0.57421875 0.1796875 0.4734375
0 0.7609375 0.45 0.15234375 0.3203125
0 0.6921875 0.38671875 0.0953125 0.2484375
0 0.6640625 0.3375 0.0671875 0.196875
0 0.71640625 0.2953125 0.0421875 0.15703125
0 0.7796875 0.26796875 0.0453125 0.1328125
0 0.840625 0.26328125 0.04921875 0.1328125
0 0.959375 0.24453125 0.05 0.13515625
1 0.0578125 0.559375 0.115625 0.3921875
1 0.19140625 0.4390625 0.10234375 0.28203125
1 0.25078125 0.38203125 0.09296875 0.24765625
1 0.34765625 0.32734375 0.06796875 0.178125
1 0.4203125 0.30234375 0.0609375 0.1625
1 0.5046875 0.2875 0.059375 0.1625
1 0.603125 0.2625 0.03671875 0.12734375
1 0.67734375 0.2484375 0.04609375 0.11484375