0 0.75546875 0.86796875 0.05 0.23515625
0 0.86953125 0.91875 0.0859375 0.1625
0 0.92734375 0.6671875 0.04453125 0.13359375
0 0.8359375 0.67734375 0.0390625 0.15
0 0.77265625 0.68515625 0.03359375 0.15234375
0 0.73828125 0.7734375 0.04765625 0.18984375
1 0.61015625 0.646875 0.04140625 0.12578125
1 0.53984375 0.6625 0.03828125 0.15703125
1 0.475 0.69765625 0.04765625 0.14921875
1 0.415625 0.72265625 0.0546875 0.18515625
1 0.33359375 0.76015625 0.06953125 0.2421875
1 0.24375 0.84296875 0.07265625 0.2921875
1 0.1546875 0.88046875 0.103125 0.2390625
1 0.690625 0.6265625 0.03046875 0.11796875