0 0.68828125 0.73671875 0.04375 0.1203125
0 0.61484375 0.725 0.0421875 0.12890625
0 0.50859375 0.7140625 0.0296875 0.084375
0 0.74765625 0.75390625 0.05546875 0.1265625
0 0.8234375 0.76640625 0.04609375 0.15703125
0 0.871875 0.7796875 0.04609375 0.1515625
0 0.91171875 0.80703125 0.0390625 0.178125
0 0.93984375 0.8890625 0.046875 0.221875
0 0.97578125 0.93671875 0.0484375 0.1265625
1 0.2609375 0.9328125 0.071875 0.13359375
1 0.11484375 0.96875 0.059375 0.0625
1 0.14921875 0.78828125 0.040625 0.1640625
1 0.27734375 0.78046875 0.034375 0.1578125
1 0.3515625 0.78125 0.034375 0.159375
1 0.41640625 0.79765625 0.0375 0.14140625
1 0.46484375 0.81328125 0.0421875 0.2
1 0.51015625 0.85703125 0.05234375 0.23125
1 0.428125 0.8921875 0.046875 0.215625
1 0.3515625 0.91328125 0.06484375 0.1734375