0 0.17578125 0.73828125 0.28203125 0.44765625
0 0.2921875 0.47109375 0.14296875 0.23359375
0 0.13828125 0.27109375 0.11484375 0.1671875
0 0.3125 0.37890625 0.0859375 0.16015625
0 0.35 0.33125 0.07109375 0.10546875
0 0.3625 0.29765625 0.0359375 0.07265625
0 0.4109375 0.29609375 0.05 0.10546875
1 0.88828125 0.671875 0.2234375 0.415625
1 0.73515625 0.453125 0.14921875 0.2359375
1 0.70859375 0.37890625 0.1015625 0.19375
1 0.69921875 0.31953125 0.0875 0.1453125
1 0.621875 0.3 0.06640625 0.109375
1 0.2234375 0.3046875 0.08125 0.1609375