1 0.14765625 0.59453125 0.15234375 0.37109375
1 0.33046875 0.47734375 0.11875 0.290625
1 0.50078125 0.39140625 0.084375 0.203125
1 0.63671875 0.35390625 0.0765625 0.1953125
1 0.73359375 0.32265625 0.0671875 0.165625
1 0.790625 0.3109375 0.05546875 0.1484375
1 0.85703125 0.29921875 0.053125 0.15546875
1 0.946875 0.28984375 0.0515625 0.1421875
0 0.915625 0.77265625 0.16796875 0.45390625
0 0.91015625 0.61328125 0.146875 0.38828125
0 0.88203125 0.50234375 0.1046875 0.28203125
0 0.9390625 0.42578125 0.07890625 0.22421875