0 0.85703125 0.7921875 0.0890625 0.33828125
0 0.7828125 0.646875 0.04921875 0.2328125
0 0.809375 0.5796875 0.0375 0.18984375
0 0.81640625 0.4625 0.01953125 0.10546875
0 0.83359375 0.4484375 0.028125 0.159375
1 0.74375 0.38359375 0.028125 0.08125
1 0.7125 0.38828125 0.01875 0.109375
1 0.68984375 0.403125 0.025 0.11015625
1 0.6484375 0.4125 0.03125 0.134375
1 0.60390625 0.44609375 0.04765625 0.14140625
1 0.54140625 0.465625 0.05625 0.14765625
1 0.421875 0.5265625 0.0578125 0.16328125
1 0.28046875 0.590625 0.07265625 0.24140625
1 0.06484375 0.78125 0.12890625 0.353125