1 0.10546875 0.8171875 0.08828125 0.3
1 0.2171875 0.71796875 0.053125 0.23125
1 0.29765625 0.6875 0.05625 0.21171875
1 0.3734375 0.63984375 0.053125 0.19140625
1 0.4125 0.6171875 0.03515625 0.1734375
1 0.44296875 0.58515625 0.0359375 0.14609375
1 0.47109375 0.584375 0.0421875 0.1765625
1 0.5390625 0.56171875 0.0296875 0.121875
1 0.5734375 0.54453125 0.03515625 0.11953125
0 0.76171875 0.88515625 0.0625 0.22890625
0 0.9140625 0.9734375 0.0703125 0.053125
0 0.734375 0.79765625 0.0421875 0.275
0 0.70703125 0.6984375 0.0328125 0.18828125
0 0.675 0.646875 0.03359375 0.15859375
0 0.725 0.584375 0.01953125 0.125
0 0.74609375 0.5765625 0.0265625 0.13359375