1 0.97265625 0.8890625 0.0515625 0.221875
1 0.89375 0.8546875 0.11328125 0.27734375
1 0.80234375 0.78671875 0.08828125 0.2484375
1 0.6625 0.7109375 0.08203125 0.20703125
1 0.5484375 0.67109375 0.07734375 0.190625
1 0.4359375 0.63359375 0.065625 0.16328125
1 0.3359375 0.6109375 0.05703125 0.14921875
1 0.2578125 0.59609375 0.0515625 0.140625
1 0.17890625 0.58359375 0.04765625 0.1421875
1 0.08671875 0.57734375 0.04140625 0.1140625
0 0.10546875 0.92734375 0.0765625 0.1453125
0 0.26484375 0.86640625 0.11171875 0.2671875
0 0.2625 0.8015625 0.0984375 0.271875
0 0.19921875 0.73671875 0.09296875 0.228125
0 0.14765625 0.69609375 0.07890625 0.21640625
0 0.01328125 0.61875 0.0265625 0.2125