0 0.92109375 0.84453125 0.10390625 0.3109375
0 0.81484375 0.740625 0.10703125 0.26953125
0 0.7421875 0.66171875 0.075 0.2078125
0 0.703125 0.61484375 0.05859375 0.15859375
0 0.67109375 0.58515625 0.0515625 0.13671875
1 0.15546875 0.81484375 0.121875 0.328125
1 0.28125 0.68515625 0.1046875 0.23125
1 0.3640625 0.63828125 0.0640625 0.20234375
1 0.39765625 0.596875 0.053125 0.16484375
1 0.4390625 0.578125 0.04765625 0.15078125
1 0.475 0.54921875 0.03828125 0.1453125
1 0.5109375 0.53984375 0.03203125 0.134375
1 0.54609375 0.54296875 0.02421875 0.109375
1 0.58046875 0.534375 0.02890625 0.1078125
1 0.6265625 0.52890625 0.034375 0.1