0 0.89140625 0.85625 0.0828125 0.2875
0 0.78203125 0.7640625 0.05625 0.23984375
0 0.703125 0.72890625 0.03984375 0.2125
0 0.6734375 0.64921875 0.034375 0.2140625
1 0.609375 0.60546875 0.0421875 0.159375
1 0.45234375 0.59921875 0.04140625 0.146875
1 0.38671875 0.6234375 0.04453125 0.16796875
1 0.33203125 0.6609375 0.04296875 0.196875
1 0.28359375 0.72578125 0.0265625 0.23359375
1 0.26640625 0.8015625 0.03515625 0.29296875
1 0.23984375 0.87265625 0.06484375 0.25390625
1 0.16640625 0.9546875 0.05625 0.090625
1 0.84453125 0.57421875 0.04921875 0.13359375
1 0.734375 0.54609375 0.03515625 0.06796875
0 0.78046875 0.615625 0.0421875 0.1515625
0 0.728125 0.653125 0.0265625 0.12421875