1 0.4046875 0.57578125 0.05078125 0.15625
1 0.51875 0.59765625 0.06484375 0.153125
1 0.6046875 0.62265625 0.05390625 0.17421875
1 0.7171875 0.65546875 0.06875 0.20390625
1 0.796875 0.7046875 0.06796875 0.25078125
1 0.853125 0.75546875 0.0625 0.278125
1 0.9015625 0.83203125 0.075 0.30234375
1 0.96171875 0.87734375 0.0765625 0.24453125
0 0.0921875 0.878125 0.09453125 0.24296875
0 0.19609375 0.85390625 0.06484375 0.28984375
0 0.2859375 0.74453125 0.040625 0.26640625
0 0.221875 0.63359375 0.0359375 0.15546875
0 0.15625 0.6140625 0.0421875 0.1765625
0 0.09140625 0.6109375 0.04375 0.17109375
0 0.01953125 0.60078125 0.03203125 0.13984375
1 0.31875 0.5546875 0.0375 0.14609375
1 0.2484375 0.5484375 0.0296875 0.13359375