1 0.1015625 0.7875 0.15703125 0.425
1 0.22421875 0.65625 0.14375 0.39140625
1 0.2859375 0.5265625 0.0953125 0.2671875
1 0.37421875 0.46484375 0.084375 0.221875
1 0.45625 0.42578125 0.0703125 0.2171875
1 0.53515625 0.39765625 0.065625 0.17890625
1 0.6171875 0.39375 0.0625 0.1671875
1 0.73359375 0.378125 0.0546875 0.17265625
1 0.88125 0.38203125 0.05234375 0.16484375
0 0.9359375 0.634375 0.128125 0.378125
0 0.8359375 0.565625 0.10390625 0.28046875
0 0.79609375 0.50078125 0.08828125 0.2421875
0 0.87421875 0.46953125 0.0734375 0.21953125
0 0.9609375 0.45859375 0.0734375 0.21484375