0 0.046875 0.67734375 0.0359375 0.10859375
0 0.15703125 0.69765625 0.04375 0.14921875
0 0.2265625 0.74296875 0.05078125 0.165625
0 0.27421875 0.81171875 0.03203125 0.20625
0 0.26796875 0.88671875 0.0640625 0.2265625
1 0.0125 0.621875 0.025 0.12734375
1 0.0609375 0.61484375 0.0296875 0.12265625
1 0.13203125 0.6265625 0.02578125 0.11796875
1 0.21015625 0.63125 0.04609375 0.12265625
1 0.2875 0.6390625 0.0296875 0.1296875
1 0.40234375 0.63984375 0.04765625 0.14375
1 0.49296875 0.6703125 0.0484375 0.159375
1 0.61796875 0.71015625 0.059375 0.1875
1 0.8140625 0.7875 0.08515625 0.21796875
1 0.94296875 0.86484375 0.1140625 0.2671875