1 0.846875 0.89296875 0.07734375 0.2140625
1 0.71640625 0.8578125 0.1109375 0.284375
1 0.6078125 0.784375 0.0859375 0.246875
1 0.51640625 0.70546875 0.06875 0.18828125
1 0.45703125 0.66953125 0.05625 0.15234375
1 0.409375 0.65078125 0.053125 0.14921875
1 0.34765625 0.62265625 0.0546875 0.1546875
1 0.265625 0.6234375 0.05390625 0.1359375
1 0.1734375 0.61015625 0.0453125 0.140625
1 0.08515625 0.59296875 0.040625 0.125
0 0.11953125 0.91171875 0.09140625 0.1765625
0 0.1828125 0.85 0.11328125 0.3
0 0.19609375 0.75390625 0.10859375 0.21796875
0 0.15 0.71640625 0.06953125 0.1890625
0 0.0890625 0.68671875 0.06953125 0.1875
0 0.02109375 0.665625 0.0421875 0.1625