0 0.73203125 0.703125 0.03671875 0.16484375
0 0.81171875 0.6875 0.028125 0.11015625
0 0.878125 0.6828125 0.0390625 0.13828125
0 0.9453125 0.65859375 0.040625 0.10859375
0 0.74609375 0.9265625 0.0796875 0.146875
0 0.6765625 0.85859375 0.0515625 0.2390625
0 0.6921875 0.7328125 0.02421875 0.17265625
1 0.69375 0.61015625 0.02421875 0.09453125
1 0.6484375 0.64609375 0.0390625 0.134375
1 0.590625 0.65546875 0.03203125 0.1296875
1 0.4953125 0.6703125 0.0390625 0.14140625
1 0.43359375 0.6875 0.04375 0.17734375
1 0.36015625 0.70625 0.05625 0.1703125
1 0.2859375 0.73671875 0.05546875 0.20859375
1 0.1953125 0.8109375 0.08671875 0.24140625
1 0.059375 0.8625 0.11875 0.275