0 0.19921875 0.9046875 0.0796875 0.18984375
0 0.23359375 0.8484375 0.103125 0.28359375
0 0.19453125 0.771875 0.08671875 0.23359375
0 0.1828125 0.7078125 0.0734375 0.1890625
0 0.17421875 0.65703125 0.05625 0.1546875
0 0.15234375 0.62890625 0.0484375 0.134375
0 0.1234375 0.60234375 0.05234375 0.134375
0 0.0859375 0.6015625 0.04296875 0.12265625
0 0.0421875 0.584375 0.04453125 0.12265625
1 0.921875 0.89140625 0.08125 0.21640625
1 0.76640625 0.86015625 0.1203125 0.2796875
1 0.6875 0.790625 0.07578125 0.234375
1 0.6296875 0.72578125 0.06875 0.2015625
1 0.57109375 0.68203125 0.06953125 0.190625
1 0.50078125 0.64765625 0.05234375 0.1484375
1 0.45390625 0.62109375 0.04921875 0.1375
1 0.42734375 0.5953125 0.04375 0.13515625