1 0.09765625 0.5546875 0.1765625 0.43359375
1 0.2390625 0.40859375 0.09765625 0.28046875
1 0.309375 0.3296875 0.06875 0.20625
1 0.35390625 0.2921875 0.05 0.16328125
1 0.37578125 0.265625 0.04375 0.13046875
0 0.84296875 0.3734375 0.11953125 0.31796875
0 0.74921875 0.30703125 0.0828125 0.225
0 0.6828125 0.2703125 0.06171875 0.175
0 0.64609375 0.23984375 0.04375 0.140625
0 0.61796875 0.225 0.03671875 0.128125
1 0.4046875 0.25078125 0.040625 0.11953125
1 0.428125 0.2296875 0.03671875 0.11015625
1 0.46171875 0.2296875 0.03046875 0.1140625
1 0.49375 0.20859375 0.03046875 0.09609375
1 0.52578125 0.2140625 0.0296875 0.096875
1 0.5625 0.2 0.02578125 0.08125