0 0.84609375 0.90625 0.065625 0.1875
0 0.73984375 0.76640625 0.034375 0.23046875
0 0.715625 0.69296875 0.0203125 0.1625
0 0.721875 0.559375 0.0171875 0.1125
0 0.70234375 0.6015625 0.015625 0.109375
1 0.596875 0.54375 0.02578125 0.08671875
1 0.56328125 0.54453125 0.03046875 0.096875
1 0.5375 0.55 0.0171875 0.10390625
1 0.50859375 0.571875 0.0234375 0.11953125
1 0.48125 0.5859375 0.02265625 0.12890625
1 0.440625 0.61015625 0.0390625 0.15
1 0.38671875 0.64453125 0.05859375 0.153125
1 0.31640625 0.69296875 0.06015625 0.20390625
1 0.09453125 0.8328125 0.134375 0.2984375