0 0.89453125 0.9234375 0.04375 0.153125
0 0.9203125 0.8765625 0.04296875 0.246875
1 0.1203125 0.8953125 0.0875 0.209375
1 0.2734375 0.83125 0.08671875 0.278125
1 0.36484375 0.79453125 0.06953125 0.25546875
1 0.44921875 0.7703125 0.06796875 0.1828125
1 0.54609375 0.73828125 0.05234375 0.175
1 0.63671875 0.72109375 0.046875 0.1953125
1 0.70625 0.71328125 0.04375 0.16640625
1 0.7671875 0.69375 0.0390625 0.16484375
1 0.83828125 0.68203125 0.02109375 0.13671875
1 0.8625 0.6703125 0.03828125 0.1640625
1 0.79921875 0.64765625 0.034375 0.13203125