1 0.18125 0.87265625 0.10625 0.2546875
1 0.2921875 0.80078125 0.07890625 0.2359375
1 0.37265625 0.765625 0.0703125 0.19609375
1 0.44296875 0.7328125 0.0640625 0.175
1 0.52890625 0.70859375 0.05390625 0.1703125
1 0.5984375 0.6890625 0.05234375 0.1515625
1 0.66640625 0.66640625 0.0515625 0.16875
1 0.72109375 0.65390625 0.04609375 0.14453125
1 0.78359375 0.6359375 0.03515625 0.13984375
1 0.80859375 0.621875 0.04140625 0.11796875
0 0.85625 0.90078125 0.10234375 0.19765625
0 0.7515625 0.8703125 0.0859375 0.259375
0 0.725 0.83203125 0.1015625 0.284375
0 0.76953125 0.77265625 0.09609375 0.24765625
0 0.875 0.7296875 0.0875 0.22578125
0 0.9359375 0.6921875 0.08125 0.20859375
0 0.96875 0.6578125 0.06171875 0.18203125