1 0.140625 0.87109375 0.0375 0.2578125
1 0.18828125 0.825 0.04921875 0.29765625
1 0.11171875 0.7734375 0.0484375 0.2828125
1 0.040625 0.7359375 0.06015625 0.2171875
1 0.0078125 0.9265625 0.015625 0.146875
0 0.21484375 0.60546875 0.046875 0.14140625
0 0.08046875 0.61953125 0.03515625 0.1359375
0 0.34921875 0.6109375 0.04921875 0.16015625
0 0.4328125 0.61328125 0.05703125 0.1703125
0 0.5140625 0.628125 0.05078125 0.13984375
0 0.6125 0.6421875 0.05078125 0.1453125
0 0.665625 0.67109375 0.05234375 0.1921875
0 0.72109375 0.71484375 0.04765625 0.2484375
0 0.7625 0.80390625 0.071875 0.26328125
0 0.80859375 0.8796875 0.06328125 0.240625