1 0.08203125 0.69453125 0.096875 0.23203125
1 0.146875 0.62578125 0.0671875 0.17890625
1 0.20234375 0.6 0.05625 0.18515625
1 0.2546875 0.56796875 0.04765625 0.1515625
1 0.29921875 0.5484375 0.046875 0.13125
1 0.3453125 0.53359375 0.0375 0.11875
1 0.38046875 0.53046875 0.0390625 0.11796875
1 0.43671875 0.5171875 0.0359375 0.11328125
0 0.7265625 0.83046875 0.1359375 0.3390625
0 0.59453125 0.7171875 0.10546875 0.2734375
0 0.5390625 0.64765625 0.07109375 0.203125
0 0.4984375 0.590625 0.0671875 0.1640625
0 0.52109375 0.54375 0.034375 0.121875