1 0.46328125 0.6109375 0.0640625 0.17890625
1 0.309375 0.69609375 0.08515625 0.2421875
1 0.065625 0.83828125 0.13125 0.32109375
1 0.58125 0.57890625 0.06015625 0.15703125
1 0.69921875 0.54765625 0.0609375 0.14609375
1 0.7578125 0.5296875 0.0390625 0.11875
1 0.82421875 0.5171875 0.046875 0.103125
0 0.896875 0.91171875 0.090625 0.1765625
0 0.85625 0.796875 0.07265625 0.21796875
0 0.84921875 0.65859375 0.04140625 0.1765625
0 0.90859375 0.66796875 0.040625 0.228125
0 0.94609375 0.59609375 0.0296875 0.13515625