0 0.8578125 0.56328125 0.26796875 0.64140625
0 0.61484375 0.36484375 0.14453125 0.3890625
0 0.52578125 0.2640625 0.096875 0.26484375
0 0.52109375 0.215625 0.08125 0.228125
0 0.5 0.184375 0.0609375 0.18203125
0 0.48046875 0.15859375 0.05390625 0.14140625
1 0.0765625 0.26796875 0.0921875 0.21171875
1 0.025 0.36484375 0.05 0.1828125
1 0.1390625 0.234375 0.0765625 0.20625
1 0.2125 0.203125 0.053125 0.1671875
1 0.246875 0.1828125 0.053125 0.15390625
1 0.28046875 0.1609375 0.03984375 0.13046875
1 0.30546875 0.15078125 0.04140625 0.12578125
1 0.36953125 0.13125 0.0390625 0.1140625
1 0.3953125 0.13046875 0.02734375 0.11796875
1 0.44921875 0.1140625 0.0390625 0.10390625