1 0.565625 0.6640625 0.02578125 0.10546875
1 0.49296875 0.6953125 0.04296875 0.125
1 0.43515625 0.6953125 0.0359375 0.12109375
1 0.38203125 0.69296875 0.04140625 0.14453125
1 0.328125 0.728125 0.046875 0.1921875
1 0.26875 0.74296875 0.0625 0.19296875
1 0.1828125 0.8296875 0.0984375 0.26015625
1 0.06328125 0.8796875 0.1 0.240625
0 0.75234375 0.93203125 0.06953125 0.1359375
0 0.64375 0.8765625 0.05234375 0.21015625
0 0.60078125 0.79609375 0.03828125 0.16484375
0 0.62734375 0.725 0.025 0.0921875
0 0.6421875 0.72421875 0.02265625 0.11484375
0 0.67734375 0.69921875 0.028125 0.1390625