1 0.9453125 0.88671875 0.084375 0.22578125
1 0.865625 0.83203125 0.09921875 0.28203125
1 0.7953125 0.76640625 0.08515625 0.22265625
1 0.72890625 0.71875 0.0671875 0.19453125
1 0.62578125 0.6703125 0.06328125 0.1734375
1 0.55859375 0.64765625 0.0609375 0.1671875
1 0.4890625 0.6171875 0.0515625 0.15234375
1 0.42421875 0.59375 0.04453125 0.12265625
1 0.37734375 0.5921875 0.0484375 0.1265625
1 0.3375 0.584375 0.04453125 0.11640625
1 0.284375 0.571875 0.0375 0.11875
1 0.209375 0.5578125 0.0359375 0.10234375
1 0.12734375 0.55859375 0.0328125 0.10078125
0 0.19765625 0.89375 0.071875 0.21171875
0 0.28359375 0.825 0.103125 0.2796875
0 0.303125 0.7515625 0.0828125 0.2203125
0 0.2984375 0.7 0.07109375 0.1890625
0 0.27890625 0.66328125 0.06015625 0.16171875
0 0.23671875 0.61640625 0.05625 0.14453125
0 0.1875 0.60546875 0.05546875 0.159375
0 0.12890625 0.5953125 0.05 0.13828125