1 0.20078125 0.56875 0.1640625 0.4140625
1 0.33359375 0.40625 0.11328125 0.271875
1 0.37109375 0.325 0.078125 0.2125
1 0.42421875 0.2953125 0.06015625 0.1890625
1 0.46484375 0.25 0.0515625 0.165625
1 0.50234375 0.240625 0.0375 0.14296875
1 0.54375 0.2265625 0.03984375 0.13515625
1 0.5875 0.21796875 0.0296875 0.11796875
1 0.634375 0.20546875 0.03359375 0.1046875
1 0.703125 0.1921875 0.0390625 0.121875
0 0.8578125 0.2953125 0.10703125 0.26171875
0 0.771875 0.2578125 0.075 0.20078125
0 0.74453125 0.22265625 0.0578125 0.15
0 0.75703125 0.20390625 0.04375 0.140625