1 0.065625 0.77734375 0.13125 0.44296875
1 0.18828125 0.7125 0.20234375 0.575
1 0.25703125 0.5203125 0.11796875 0.40078125
1 0.2890625 0.44453125 0.0921875 0.29765625
1 0.290625 0.371875 0.08203125 0.21484375
1 0.3515625 0.33359375 0.065625 0.20546875
1 0.4125 0.3140625 0.0515625 0.1640625
1 0.46953125 0.2953125 0.05234375 0.15703125
1 0.5421875 0.29296875 0.0453125 0.13671875
1 0.6296875 0.28828125 0.046875 0.13984375
0 0.94921875 0.48359375 0.1015625 0.359375
0 0.8328125 0.41875 0.11640625 0.27265625
0 0.7453125 0.38515625 0.08203125 0.225
0 0.7078125 0.3421875 0.07421875 0.20078125
0 0.7625 0.334375 0.06328125 0.171875
0 0.81484375 0.3203125 0.06328125 0.17421875
0 0.915625 0.31953125 0.06171875 0.15703125