0 0.98125 0.85 0.03671875 0.3
0 0.840625 0.69296875 0.1515625 0.41640625
0 0.8953125 0.565625 0.103125 0.28046875
0 0.8453125 0.47734375 0.071875 0.2046875
0 0.85390625 0.44453125 0.0484375 0.1890625
0 0.878125 0.41328125 0.040625 0.15546875
1 0.08046875 0.7640625 0.1609375 0.41640625
1 0.275 0.6015625 0.128125 0.29140625
1 0.39765625 0.50859375 0.08203125 0.21875
1 0.453125 0.4765625 0.06171875 0.19375
1 0.51875 0.446875 0.06796875 0.178125
1 0.5921875 0.4234375 0.05859375 0.1671875
1 0.6375 0.40078125 0.04296875 0.1328125
1 0.70546875 0.3828125 0.0421875 0.13046875
1 0.76875 0.365625 0.04375 0.13125