0 0.63984375 0.84921875 0.0984375 0.3015625
0 0.9546875 0.88515625 0.08984375 0.22890625
0 0.42109375 0.815625 0.09609375 0.2734375
0 0.2796875 0.77890625 0.07890625 0.275
0 0.12890625 0.7609375 0.065625 0.21953125
0 0.028125 0.7359375 0.03203125 0.20234375
0 0.08515625 0.615625 0.02578125 0.12890625
0 0.1828125 0.5953125 0.03828125 0.12890625
1 0.140625 0.5578125 0.03359375 0.10078125
1 0.03203125 0.5765625 0.03515625 0.125
1 0.265625 0.546875 0.01875 0.0921875
1 0.36796875 0.53515625 0.025 0.0828125
1 0.46640625 0.5296875 0.01328125 0.090625
1 0.52265625 0.521875 0.015625 0.08359375
0 0.284375 0.58125 0.03359375 0.10546875
0 0.38359375 0.57265625 0.03203125 0.103125
0 0.50234375 0.56484375 0.025 0.1046875