0 0.95703125 0.5609375 0.0859375 0.471875
0 0.86484375 0.434375 0.11953125 0.30546875
0 0.81875 0.38125 0.08203125 0.2421875
0 0.840625 0.31796875 0.05546875 0.1984375
0 0.90625 0.29765625 0.05703125 0.18359375
0 0.971875 0.27734375 0.04453125 0.17734375
1 0.1109375 0.58203125 0.18125 0.425
1 0.25859375 0.4640625 0.10859375 0.29609375
1 0.35546875 0.40078125 0.08203125 0.26171875
1 0.4375 0.371875 0.071875 0.21484375
1 0.51171875 0.33359375 0.065625 0.18984375
1 0.6078125 0.30859375 0.0484375 0.171875
1 0.66953125 0.2859375 0.04296875 0.14453125
1 0.7171875 0.26796875 0.05 0.1484375
1 0.78359375 0.246875 0.0375 0.115625