1 0.13125 0.8578125 0.09140625 0.284375
1 0.23125 0.75859375 0.0734375 0.2203125
1 0.2890625 0.70390625 0.06796875 0.203125
1 0.3359375 0.67265625 0.03984375 0.1546875
1 0.38046875 0.64296875 0.046875 0.1328125
1 0.4234375 0.6375 0.04140625 0.121875
1 0.47109375 0.6265625 0.03515625 0.1140625
1 0.5046875 0.6125 0.0375 0.10859375
1 0.5515625 0.6046875 0.0515625 0.11640625
0 0.78203125 0.90859375 0.08203125 0.18203125
0 0.6828125 0.8515625 0.0828125 0.234375
0 0.64140625 0.7515625 0.0484375 0.1453125
0 0.60625 0.696875 0.04140625 0.14765625
0 0.62578125 0.63359375 0.02734375 0.1
0 0.6515625 0.62578125 0.01015625 0.1015625
0 0.68359375 0.61484375 0.02734375 0.09375