1 0.56171875 0.58671875 0.03359375 0.1125
1 0.484375 0.59921875 0.046875 0.1421875
1 0.41171875 0.6390625 0.03359375 0.15234375
1 0.371875 0.63046875 0.0328125 0.1625
1 0.2765625 0.68359375 0.03359375 0.1953125
1 0.221875 0.7140625 0.0484375 0.2140625
1 0.18359375 0.80078125 0.07578125 0.23984375
1 0.09453125 0.85078125 0.0734375 0.2984375
1 0.65234375 0.5734375 0.034375 0.109375
1 0.734375 0.57421875 0.025 0.1109375
1 0.80390625 0.57578125 0.0265625 0.1
0 0.7734375 0.628125 0.03359375 0.13984375
0 0.709375 0.6359375 0.0328125 0.1546875
0 0.80390625 0.91171875 0.0546875 0.1765625
0 0.68359375 0.87265625 0.06875 0.25390625
0 0.63671875 0.7703125 0.04921875 0.21953125
0 0.8328125 0.615625 0.0359375 0.14296875
0 0.6609375 0.68671875 0.02265625 0.15