1 0.0359375 0.87734375 0.071875 0.24453125
1 0.1921875 0.77578125 0.11328125 0.24921875
1 0.36015625 0.68359375 0.04921875 0.15859375
1 0.425 0.65703125 0.0390625 0.16484375
1 0.4734375 0.63203125 0.03046875 0.125
1 0.50546875 0.6109375 0.028125 0.1234375
1 0.53671875 0.59296875 0.0296875 0.1109375
1 0.56640625 0.578125 0.02109375 0.09609375
0 0.72265625 0.90625 0.0421875 0.1875
0 0.71015625 0.78984375 0.0359375 0.13515625
0 0.68125 0.73359375 0.0515625 0.12265625
0 0.70234375 0.65546875 0.021875 0.1015625