0 0.8625 0.79921875 0.146875 0.4015625
0 0.81328125 0.70234375 0.10859375 0.2890625
0 0.80625 0.6203125 0.09375 0.2
0 0.86171875 0.57421875 0.06875 0.190625
0 0.94921875 0.53515625 0.07109375 0.1734375
1 0.1109375 0.83359375 0.134375 0.3328125
1 0.27421875 0.71953125 0.11796875 0.28359375
1 0.3625 0.6421875 0.08984375 0.2390625
1 0.4671875 0.58359375 0.0734375 0.203125
1 0.54765625 0.55546875 0.06875 0.1765625
1 0.63984375 0.528125 0.0609375 0.15859375
1 0.74921875 0.50625 0.05078125 0.13984375
1 0.83828125 0.49296875 0.05546875 0.13671875
1 0.96875 0.47578125 0.0484375 0.1296875