1 0.02734375 0.78984375 0.0546875 0.2484375
1 0.11015625 0.6671875 0.11953125 0.32265625
1 0.13359375 0.6015625 0.103125 0.271875
1 0.0515625 0.59375 0.09296875 0.25234375
0 0.8203125 0.8140625 0.1625 0.371875
0 0.72890625 0.69609375 0.1203125 0.32421875
0 0.6875 0.60078125 0.1 0.2546875
0 0.64140625 0.54921875 0.075 0.20546875
0 0.58125 0.509375 0.06484375 0.1734375
0 0.52578125 0.49140625 0.059375 0.15234375
0 0.43828125 0.48203125 0.05 0.153125
0 0.36640625 0.4671875 0.05078125 0.14375
0 0.27578125 0.47265625 0.05703125 0.1515625
0 0.13671875 0.46484375 0.0578125 0.146875
0 0.97109375 0.87421875 0.0578125 0.2515625