0 0.15703125 0.87734375 0.0859375 0.2453125
0 0.20859375 0.7890625 0.0921875 0.24375
0 0.2046875 0.7296875 0.071875 0.17734375
0 0.14453125 0.6921875 0.08046875 0.16953125
0 0.06328125 0.67734375 0.059375 0.159375
1 0.88828125 0.871875 0.12265625 0.25546875
1 0.6984375 0.75625 0.08828125 0.22265625
1 0.6140625 0.70859375 0.07421875 0.18203125
1 0.4640625 0.65546875 0.053125 0.14296875
1 0.35859375 0.64609375 0.05078125 0.1328125
1 0.26953125 0.62421875 0.05 0.13515625
1 0.1640625 0.6265625 0.0515625 0.125
1 0.08203125 0.6125 0.04140625 0.10859375
1 0.0109375 0.61640625 0.021875 0.1109375