0 0.0265625 0.940625 0.053125 0.115625
0 0.14921875 0.89609375 0.0765625 0.2078125
0 0.25625 0.875 0.0921875 0.24921875
0 0.34296875 0.8171875 0.09609375 0.2484375
0 0.33984375 0.7609375 0.075 0.19921875
0 0.28828125 0.71640625 0.065625 0.17890625
0 0.23046875 0.6875 0.065625 0.18671875
0 0.1640625 0.6546875 0.05078125 0.16953125
0 0.10078125 0.6453125 0.05078125 0.15
0 0.034375 0.6328125 0.05 0.1375
1 0.97265625 0.93671875 0.0546875 0.1265625
1 0.9328125 0.89296875 0.08359375 0.2140625
1 0.88984375 0.8703125 0.09921875 0.259375
1 0.8359375 0.8140625 0.08046875 0.22265625
1 0.76640625 0.77421875 0.084375 0.21328125
1 0.665625 0.72265625 0.06484375 0.1859375
1 0.56953125 0.68984375 0.0578125 0.16875
1 0.4734375 0.6546875 0.053125 0.15
1 0.38203125 0.63515625 0.05234375 0.13828125
1 0.3140625 0.61484375 0.04453125 0.12265625
1 0.23671875 0.61015625 0.03984375 0.125
1 0.1640625 0.59296875 0.0421875 0.11796875
1 0.07109375 0.57578125 0.03671875 0.1078125