1 0.0546875 0.88984375 0.075 0.2203125
1 0.215625 0.81015625 0.084375 0.24375
1 0.31171875 0.7640625 0.0859375 0.23515625
1 0.40078125 0.72109375 0.05078125 0.21015625
1 0.4890625 0.7015625 0.053125 0.18984375
1 0.59296875 0.675 0.04921875 0.13984375
1 0.65546875 0.6515625 0.0421875 0.13125
1 0.71328125 0.628125 0.0375 0.121875
1 0.78125 0.61875 0.03671875 0.096875
1 0.8375 0.6078125 0.03984375 0.11796875
1 0.88828125 0.60078125 0.0390625 0.103125
0 0.875 0.7171875 0.04140625 0.15546875
0 0.7875 0.73515625 0.0375 0.18203125
0 0.80703125 0.92265625 0.0609375 0.1546875
0 0.75703125 0.87109375 0.0484375 0.2578125
0 0.95 0.696875 0.05078125 0.14765625