0 0.20078125 0.86875 0.103125 0.2625
0 0.103125 0.9328125 0.05234375 0.13046875
0 0.21171875 0.81015625 0.103125 0.26171875
0 0.215625 0.7328125 0.07890625 0.215625
0 0.19453125 0.68203125 0.06953125 0.184375
0 0.1421875 0.6578125 0.05859375 0.15625
0 0.06875 0.63046875 0.05859375 0.1703125
1 0.94921875 0.89609375 0.0671875 0.2078125
1 0.834375 0.86171875 0.10078125 0.2765625
1 0.684375 0.778125 0.090625 0.23671875
1 0.59296875 0.7140625 0.071875 0.209375
1 0.5125 0.68828125 0.0671875 0.184375
1 0.4359375 0.64453125 0.0578125 0.1453125
1 0.38125 0.62578125 0.0484375 0.13203125
1 0.33515625 0.60703125 0.04609375 0.13046875
1 0.28046875 0.596875 0.0453125 0.12890625