0 0.93984375 0.85703125 0.1171875 0.2859375
0 0.78828125 0.77578125 0.103125 0.290625
0 0.7125 0.6921875 0.07109375 0.20390625
0 0.69921875 0.64765625 0.05390625 0.16328125
0 0.721875 0.60234375 0.03203125 0.12890625
0 0.74453125 0.58359375 0.0421875 0.14609375
1 0.1890625 0.834375 0.1328125 0.29453125
1 0.26484375 0.734375 0.0921875 0.234375
1 0.3515625 0.67109375 0.071875 0.21484375
1 0.41171875 0.63828125 0.0546875 0.16875
1 0.46171875 0.61640625 0.0453125 0.140625
1 0.51015625 0.60078125 0.040625 0.1421875
1 0.55859375 0.59296875 0.0375 0.12265625
1 0.6078125 0.58515625 0.03671875 0.11015625