1 0.9421875 0.9015625 0.075 0.196875
1 0.72109375 0.8234375 0.10390625 0.27734375
1 0.571875 0.7359375 0.08359375 0.22578125
1 0.49453125 0.6953125 0.06875 0.19921875
1 0.4 0.6578125 0.06484375 0.1796875
1 0.30703125 0.63046875 0.06171875 0.1640625
1 0.209375 0.615625 0.0609375 0.1625
1 0.09765625 0.60625 0.05 0.14453125
1 0.0203125 0.61640625 0.040625 0.15859375
0 0.09375 0.9453125 0.05234375 0.109375
0 0.11953125 0.8859375 0.07109375 0.228125
0 0.11484375 0.82265625 0.08125 0.28046875
0 0.0828125 0.7625 0.08046875 0.23359375
0 0.0328125 0.721875 0.065625 0.234375