0 0.90625 0.31875 0.046875 0.1265625
0 0.8359375 0.34375 0.04296875 0.15
0 0.86796875 0.5109375 0.06484375 0.25703125
0 0.7984375 0.4203125 0.0390625 0.196875
1 0.70703125 0.3375 0.0421875 0.1328125
1 0.625 0.371875 0.03515625 0.1359375
1 0.575 0.3890625 0.03203125 0.13359375
1 0.5296875 0.41796875 0.028125 0.15
1 0.4859375 0.440625 0.04921875 0.16328125
1 0.43203125 0.47890625 0.05078125 0.21640625
1 0.3703125 0.55078125 0.08046875 0.24375
1 0.275 0.68046875 0.1125 0.36484375
1 0.125 0.82421875 0.14921875 0.3515625