1 0.165625 0.5078125 0.1515625 0.3328125
1 0.0453125 0.8484375 0.090625 0.303125
1 0.3015625 0.415625 0.09609375 0.240625
1 0.40859375 0.36015625 0.06796875 0.1953125
1 0.51796875 0.321875 0.059375 0.15859375
1 0.5953125 0.303125 0.059375 0.1484375
1 0.715625 0.27890625 0.0421875 0.1234375
0 0.8265625 0.49921875 0.13203125 0.35859375
0 0.78359375 0.4 0.09921875 0.23984375
0 0.825 0.3640625 0.07109375 0.20390625
0 0.8828125 0.3109375 0.065625 0.18515625
0 0.97578125 0.28828125 0.04765625 0.17421875
1 0.8390625 0.2546875 0.040625 0.12734375