0 0.1484375 0.9140625 0.07578125 0.171875
0 0.1859375 0.8515625 0.140625 0.296875
0 0.1640625 0.75703125 0.1046875 0.24765625
0 0.1125 0.68515625 0.06953125 0.18515625
0 0.078125 0.64921875 0.0578125 0.1640625
0 0.05078125 0.62265625 0.0484375 0.14453125
0 0.04140625 0.603125 0.03984375 0.11015625
0 0.01953125 0.5796875 0.0390625 0.11640625
1 0.90546875 0.88359375 0.0921875 0.2328125
1 0.73046875 0.8125 0.1 0.28515625
1 0.59765625 0.72421875 0.0859375 0.2171875
1 0.5078125 0.675 0.06953125 0.1953125
1 0.42109375 0.6421875 0.0578125 0.153125
1 0.35546875 0.61953125 0.05546875 0.15078125
1 0.2875 0.5859375 0.040625 0.1265625
1 0.24921875 0.57109375 0.03828125 0.11015625
1 0.19921875 0.5546875 0.0328125 0.096875
1 0.1703125 0.5484375 0.03125 0.08359375
1 0.1171875 0.53984375 0.03125 0.08203125