0 0.784375 0.40390625 0.0859375 0.27421875
0 0.625 0.3484375 0.07109375 0.25625
0 0.5203125 0.30234375 0.0453125 0.2109375
0 0.45234375 0.284375 0.03046875 0.20234375
0 0.4265625 0.2453125 0.03046875 0.203125
0 0.96640625 0.54140625 0.0671875 0.42890625
1 0.36640625 0.1859375 0.06171875 0.14375
1 0.2578125 0.19609375 0.05078125 0.15
1 0.18828125 0.2171875 0.03984375 0.17421875
1 0.13125 0.2359375 0.0421875 0.18828125
1 0.0734375 0.26875 0.03828125 0.23046875
1 0.01796875 0.52109375 0.03515625 0.35546875
1 0.0359375 0.84609375 0.071875 0.30703125
1 0.01796875 0.36796875 0.025 0.3421875