1 0.06015625 0.51328125 0.1203125 0.371875
1 0.16953125 0.40078125 0.09453125 0.2640625
1 0.253125 0.334375 0.078125 0.22421875
1 0.33125 0.290625 0.06328125 0.20390625
1 0.371875 0.2609375 0.053125 0.171875
1 0.4046875 0.2359375 0.05 0.1515625
1 0.4203125 0.21484375 0.0421875 0.1140625
1 0.4921875 0.19609375 0.04140625 0.12109375
1 0.521875 0.17109375 0.03671875 0.12890625
1 0.578125 0.16015625 0.03828125 0.11328125
1 0.6421875 0.146875 0.03828125 0.10703125
0 0.89296875 0.4546875 0.17578125 0.4796875
0 0.790625 0.3421875 0.103125 0.3109375
0 0.71171875 0.265625 0.071875 0.21328125
0 0.66875 0.2421875 0.06953125 0.18359375
0 0.69453125 0.1890625 0.05 0.14453125