1 0.75390625 0.88984375 0.0609375 0.2203125
1 0.6265625 0.8375 0.0890625 0.21484375
1 0.528125 0.775 0.0609375 0.1921875
1 0.43828125 0.72578125 0.0515625 0.16796875
1 0.36640625 0.71015625 0.0484375 0.1546875
1 0.27890625 0.6921875 0.04453125 0.15703125
1 0.18984375 0.6859375 0.0484375 0.13984375
1 0.06484375 0.678125 0.03984375 0.16640625
0 0.034375 0.77890625 0.05234375 0.190625
0 0.1109375 0.7890625 0.0515625 0.20703125
0 0.18515625 0.84140625 0.03671875 0.21796875
0 0.14765625 0.946875 0.03671875 0.10625
0 0.1578125 0.85078125 0.03671875 0.1359375