0 0.93984375 0.79765625 0.1203125 0.4046875
0 0.790625 0.66015625 0.13359375 0.38359375
0 0.76953125 0.5328125 0.1078125 0.259375
1 0.05625 0.72109375 0.11171875 0.39921875
1 0.23671875 0.54296875 0.134375 0.309375
1 0.39375 0.4671875 0.090625 0.2265625
1 0.4859375 0.41640625 0.0640625 0.1875
1 0.53984375 0.3921875 0.059375 0.16328125
1 0.60390625 0.37890625 0.05546875 0.14921875
1 0.675 0.36171875 0.0453125 0.1390625
1 0.721875 0.34609375 0.040625 0.11640625
1 0.78984375 0.3375 0.04375 0.1140625
0 0.87265625 0.46484375 0.0890625 0.24765625
0 0.865625 0.4140625 0.06015625 0.1765625
0 0.8953125 0.3828125 0.04453125 0.15703125