1 0.25 0.61640625 0.05703125 0.15703125
1 0.353125 0.6390625 0.06796875 0.15625
1 0.46640625 0.665625 0.07578125 0.19140625
1 0.59609375 0.71015625 0.0765625 0.24765625
1 0.75390625 0.77890625 0.1125 0.25703125
1 0.8671875 0.81328125 0.10546875 0.34765625
1 0.96953125 0.8796875 0.0609375 0.240625
1 0.15546875 0.61640625 0.04140625 0.14921875
1 0.06875 0.6046875 0.0421875 0.13515625
0 0.021875 0.72109375 0.04375 0.1984375
0 0.09609375 0.765625 0.053125 0.225
0 0.17109375 0.8390625 0.03125 0.265625
0 0.13984375 0.8921875 0.05625 0.215625