0 0.90078125 0.40078125 0.08125 0.27734375
0 0.96875 0.5515625 0.0625 0.40859375
0 0.89296875 0.24609375 0.0359375 0.13515625
1 0.76796875 0.17421875 0.03203125 0.1015625
1 0.74296875 0.1828125 0.0234375 0.128125
1 0.7125 0.196875 0.0375 0.1296875
1 0.67421875 0.2078125 0.040625 0.15546875
1 0.61796875 0.24609375 0.04296875 0.16796875
1 0.55703125 0.27109375 0.04765625 0.18046875
1 0.48828125 0.328125 0.07421875 0.215625
1 0.42109375 0.36171875 0.0640625 0.23671875
1 0.33125 0.40859375 0.08046875 0.2609375
1 0.240625 0.48203125 0.09765625 0.36171875
1 0.12109375 0.56875 0.13125 0.478125