1 0.44609375 0.75546875 0.09453125 0.2375
1 0.66171875 0.83125 0.1453125 0.3234375
1 0.965625 0.8890625 0.06875 0.221875
1 0.3359375 0.70859375 0.07578125 0.2453125
1 0.23671875 0.67109375 0.034375 0.23515625
1 0.29765625 0.5671875 0.03828125 0.1375
1 0.37578125 0.575 0.03515625 0.1359375
1 0.45703125 0.56328125 0.03828125 0.14453125
1 0.52421875 0.55859375 0.034375 0.12109375
1 0.58671875 0.54296875 0.03828125 0.13671875
1 0.63515625 0.528125 0.03515625 0.12578125
0 0.4375 0.50703125 0.02890625 0.1015625
0 0.3921875 0.5046875 0.0234375 0.11015625
0 0.2578125 0.521875 0.0265625 0.1125
0 0.06640625 0.54140625 0.05234375 0.1328125