1 0.8734375 0.915625 0.0703125 0.16796875
1 0.71875 0.7890625 0.08515625 0.22421875
1 0.64921875 0.71484375 0.065625 0.17578125
1 0.5734375 0.6640625 0.05078125 0.140625
1 0.49609375 0.63046875 0.04453125 0.12890625
1 0.453125 0.6171875 0.0390625 0.1140625
1 0.3484375 0.6015625 0.0375 0.10390625
0 0.1484375 0.88203125 0.084375 0.2359375
0 0.22890625 0.7671875 0.075 0.21171875
0 0.26796875 0.71640625 0.06015625 0.1734375
0 0.25546875 0.67265625 0.053125 0.15234375
0 0.22734375 0.63828125 0.04609375 0.12890625
0 0.20390625 0.62109375 0.04140625 0.11484375
0 0.15078125 0.61015625 0.04140625 0.10859375
0 0.0671875 0.60859375 0.03984375 0.10546875
1 0.27265625 0.59296875 0.0375 0.10234375