1 0.22109375 0.83125 0.10859375 0.2859375
1 0.34296875 0.76328125 0.0625 0.225
1 0.44609375 0.6859375 0.06484375 0.19140625
1 0.5171875 0.665625 0.053125 0.17734375
1 0.59609375 0.6609375 0.04296875 0.14921875
1 0.6734375 0.65078125 0.0390625 0.14765625
1 0.7421875 0.64609375 0.0453125 0.15703125
1 0.81015625 0.6296875 0.04609375 0.1375
0 0.90859375 0.7765625 0.05859375 0.2140625
0 0.83203125 0.821875 0.0625 0.26796875
0 0.84453125 0.90859375 0.06875 0.18203125
0 0.94140625 0.946875 0.0640625 0.10625