1 0.74296875 0.24453125 0.03359375 0.1453125
1 0.6890625 0.26015625 0.034375 0.1484375
1 0.63828125 0.3 0.04375 0.16015625
1 0.56953125 0.33203125 0.046875 0.17734375
1 0.5015625 0.37578125 0.04921875 0.2046875
1 0.44765625 0.42578125 0.05546875 0.2390625
1 0.37265625 0.47890625 0.08515625 0.271875
1 0.27265625 0.60234375 0.0875 0.3375
1 0.15859375 0.7625 0.10703125 0.46796875
0 0.95234375 0.50078125 0.08046875 0.32890625
0 0.8953125 0.39453125 0.06171875 0.29296875
0 0.9421875 0.25 0.040625 0.175