1 0.22265625 0.6546875 0.125 0.2609375
1 0.38515625 0.56484375 0.0796875 0.21171875
1 0.5171875 0.50859375 0.06953125 0.159375
1 0.57890625 0.47578125 0.04921875 0.14140625
1 0.63203125 0.4515625 0.04375 0.13125
1 0.6703125 0.4375 0.02578125 0.10078125
1 0.696875 0.4234375 0.0265625 0.09140625
1 0.72734375 0.415625 0.028125 0.08828125
0 0.971875 0.81484375 0.05546875 0.3703125
0 0.84296875 0.6984375 0.12578125 0.34140625
0 0.85625 0.61015625 0.09140625 0.2390625
0 0.82734375 0.528125 0.07109375 0.17421875
0 0.84765625 0.48984375 0.05390625 0.1578125