0 0.90078125 0.65078125 0.196875 0.6984375
0 0.734375 0.44140625 0.1625 0.4578125
0 0.7109375 0.3328125 0.12421875 0.31953125
0 0.72109375 0.2703125 0.1 0.2515625
0 0.7859375 0.20390625 0.075 0.21484375
0 0.85390625 0.16875 0.084375 0.2125
0 0.91171875 0.13828125 0.0703125 0.21953125
0 0.97890625 0.12421875 0.0421875 0.1890625
1 0.04765625 0.42890625 0.0953125 0.32109375
1 0.21640625 0.31484375 0.10390625 0.2828125
1 0.33515625 0.25 0.0734375 0.23203125
1 0.43984375 0.21796875 0.078125 0.19375
1 0.54296875 0.17890625 0.065625 0.1546875
1 0.64921875 0.153125 0.06171875 0.1578125
1 0.7328125 0.121875 0.0484375 0.1515625
1 0.8203125 0.1015625 0.0421875 0.11484375