1 0.890625 0.76328125 0.21875 0.459375
1 0.765625 0.4921875 0.1484375 0.2546875
1 0.715625 0.41953125 0.11484375 0.20625
1 0.7140625 0.34453125 0.0828125 0.14765625
1 0.63046875 0.3140625 0.07734375 0.1359375
1 0.2203125 0.31796875 0.109375 0.18125
0 0.1453125 0.78359375 0.290625 0.4328125
0 0.14140625 0.28828125 0.08828125 0.16640625
0 0.2765625 0.51171875 0.1453125 0.25859375
0 0.303125 0.390625 0.109375 0.18359375
0 0.36015625 0.3421875 0.06640625 0.13125
0 0.36953125 0.315625 0.0609375 0.1171875
0 0.40546875 0.30234375 0.05390625 0.11015625