0 0.11640625 0.7640625 0.2328125 0.471875
0 0.2234375 0.54765625 0.2140625 0.32734375
0 0.303125 0.37734375 0.115625 0.2046875
0 0.325 0.3015625 0.0859375 0.14453125
0 0.18203125 0.20078125 0.0921875 0.1546875
0 0.365625 0.26484375 0.07109375 0.1265625
1 0.24296875 0.23359375 0.0828125 0.14453125
1 0.77109375 0.53359375 0.1953125 0.33125
1 0.6890625 0.37578125 0.12421875 0.19609375
1 0.6703125 0.31953125 0.09296875 0.1625
1 0.68671875 0.27109375 0.0765625 0.13125
1 0.6140625 0.23984375 0.06796875 0.11796875