0 0.16015625 0.80546875 0.26484375 0.38828125
0 0.3015625 0.528125 0.1609375 0.2640625
0 0.1546875 0.30234375 0.10078125 0.16953125
0 0.33671875 0.4125 0.10078125 0.16796875
0 0.39296875 0.3578125 0.06953125 0.1296875
0 0.3984375 0.3171875 0.05 0.10546875
0 0.44296875 0.315625 0.0703125 0.10859375
1 0.796875 0.51796875 0.15859375 0.27109375
1 0.75390625 0.43203125 0.1171875 0.190625
1 0.75390625 0.371875 0.10078125 0.16015625
1 0.66171875 0.33359375 0.0625 0.125
1 0.25625 0.33203125 0.08125 0.15625