0 0.24609375 0.52421875 0.1796875 0.27421875
0 0.41328125 0.40703125 0.1203125 0.1859375
0 0.4328125 0.34765625 0.08984375 0.15546875
0 0.39609375 0.30625 0.059375 0.1296875
0 0.43359375 0.2765625 0.0578125 0.125
0 0.515625 0.259375 0.06875 0.11796875
1 0.9078125 0.65859375 0.18359375 0.3921875
1 0.81796875 0.43515625 0.14921875 0.2484375
1 0.77734375 0.33515625 0.103125 0.15859375
1 0.65546875 0.30546875 0.09140625 0.1390625
1 0.70859375 0.28203125 0.0796875 0.11484375
1 0.73984375 0.25859375 0.071875 0.1140625