1 0.65234375 0.36953125 0.0671875 0.12734375
1 0.69375 0.3515625 0.03515625 0.096875
1 0.7296875 0.33984375 0.0453125 0.1234375
1 0.76796875 0.40546875 0.103125 0.15234375
1 0.834375 0.503125 0.1328125 0.22734375
1 0.9359375 0.73359375 0.128125 0.3984375
0 0.06015625 0.7859375 0.1203125 0.428125
0 0.2359375 0.60625 0.13828125 0.2578125
0 0.40703125 0.47265625 0.07734375 0.1703125
0 0.4578125 0.40625 0.053125 0.15859375
0 0.409375 0.34765625 0.04453125 0.09296875
0 0.509375 0.3328125 0.07734375 0.11328125