0 0.1015625 0.6875 0.203125 0.396875
0 0.178125 0.5125 0.1734375 0.2703125
0 0.32265625 0.42578125 0.134375 0.2015625
0 0.425 0.36171875 0.1046875 0.17109375
0 0.4296875 0.31171875 0.05703125 0.1328125
0 0.40390625 0.29296875 0.0609375 0.0953125
0 0.428125 0.27890625 0.03984375 0.11640625
0 0.49453125 0.246875 0.0359375 0.10078125
1 0.80625 0.5 0.178125 0.2671875
1 0.74765625 0.3828125 0.1234375 0.18203125
1 0.72578125 0.3171875 0.07890625 0.1328125
1 0.62109375 0.29375 0.06484375 0.12109375
1 0.665625 0.265625 0.0484375 0.090625
1 0.69140625 0.25 0.0484375 0.0890625