0 0.109375 0.8109375 0.21875 0.378125
0 0.22890625 0.61640625 0.1859375 0.3015625
0 0.31484375 0.46953125 0.13046875 0.22265625
0 0.34296875 0.38046875 0.09140625 0.15625
0 0.38828125 0.34375 0.06796875 0.14609375
0 0.20390625 0.3046875 0.10859375 0.1609375
1 0.259375 0.3125 0.071875 0.153125
1 0.79453125 0.615625 0.23046875 0.35859375
1 0.69765625 0.44921875 0.134375 0.19921875
1 0.684375 0.396875 0.0890625 0.153125
1 0.70078125 0.34375 0.08359375 0.1328125
1 0.63671875 0.31328125 0.065625 0.0984375